736 75
23 82
164 82
441 43
164 40
836 489
327 489
384 408
683 43
441 43
850 543
850 542
720 500
720 543
720 542
597 345
520 131
344 248
145 281
461 295
537 434
537 291
810 208
810 131
810 295
810 465
810 489
810 196
810 281
810 82
618 365
392 386
785 387
785 103
650 43
589 391
285 379
124 75
145 312
145 465
810 465
149 39
478 24
556 208
290 241
290 208
534 21
534 133
462 63
462 173
597 266
612 302
327 489
612 371
469 193
810 208
850 117
850 238
3 371
275 117
798 386
798 185
753 208
224 365
224 365
164 181
473 82
850 117
164 128
175 371
626 82
634 298
556 208
657 94
3 371
3 371
563 318
276 20
847 385
224 543
349 131
626 298
159 298
164 465
164 281
180 501
603 391
332 121
855 228
256 386
321 191
321 488
25 441
25 402
851 237
851 228
589 391
321 49
477 389
850 543
508 11
567 408
450 14
109 20
109 54
109 316
798 386
109 54
626 298
520 131
854 75
798 323
629 56
582 269
100 82
44 17
681 298
404 317
404 8
275 13
275 128
557 361
290 208
191 17
634 298
542 176
744 355
744 33
855 228
841 269
468 486
565 238
565 338
556 208
197 228
47 59
625 191
142 59
275 59
390 257
349 218
236 543
164 13
164 361
491 135
36 13
164 86
766 534
766 534
431 391
720 543
268 298
47 59
47 5
123 279
468 150
603 391
18 59
18 13
602 7
706 49
855 228
392 237
851 237
851 228
67 173
67 338
742 39
67 65
399 383
67 55
67 513
231 55
797 228
797 33
736 75
616 70
630 477
630 152
390 419
124 55
104 296
358 59
358 17
47 59
357 378
441 43
441 56
164 419
694 218
164 152
694 411
694 169
694 352
694 475
441 378
164 411
149 39
149 102
821 150
821 14
18 59
18 13
164 150
537 90
702 416
702 134
582 257
582 251
582 86
582 218
582 75
821 150
821 345
651 345
589 391
275 59
169 149
389 387
389 53
389 118
47 304
389 153
47 169
389 379
389 306
496 89
389 486
389 386
164 47
389 334
742 39
389 91
389 237
389 67
389 474
650 43
650 43
650 475
389 274
441 218
468 150
164 420
164 289
164 301
164 85
597 345
597 345
164 208
396 178
488 135
488 47
520 237
249 196
164 182
164 312
810 419
810 47
860 90
537 90
325 54
164 492
164 47
330 34
330 308
330 500
330 238
744 173
625 237
603 49
158 2
158 7
126 134
753 497
164 34
164 500
492 304
164 286
164 335
290 182
275 237
858 10
275 13
858 10
290 208
858 10
290 460
858 10
290 335
290 513
182 533
45 39
137 39
137 173
137 244
851 43
137 102
851 56
851 228
124 10
861 291
810 497
850 500
850 91
850 122
327 489
821 150
44 17
854 150
861 240
468 150
270 53
667 389
140 4
290 180
290 251
572 227
629 48
629 257
756 378
756 367
810 367
651 475
466 178
488 170
278 8
572 342
572 385
102 93
102 74
272 134
102 91
272 132
462 8
565 497
47 59
633 298
126 185
744 389
332 477
58 326
510 11
332 101
164 173
164 182
753 497
753 333
242 208
600 152
600 477
569 385
164 50
17 385
501 49
626 13
626 291
629 170
60 43
149 39
149 423
562 13
164 13
290 182
855 228
850 91
622 541
572 385
52 173
52 39
146 12
109 48
626 13
164 173
164 13
164 233
562 13
851 228
777 73
683 56
683 43
634 298
441 56
100 82
327 170
327 170
683 56
592 489
91 122
441 56
441 43
164 356
47 82
47 5
798 386
159 298
159 298
798 291
798 291
626 291
441 43
626 13
462 173
194 193
650 43
650 43
164 173
719 48
441 43
233 237
233 98
233 234
233 75
233 59
233 301
164 234
164 227
102 91
736 75
102 82
102 93
725 43
450 73
664 137
854 150
465 193
100 82
52 173
392 386
392 237
392 132
363 156
363 324
346 438
346 109
268 298
626 82
477 389
47 324
650 43
60 43
650 43
109 54
556 208
422 371
18 59
539 50
539 388
539 88
37 113
539 52
304 501
91 122
231 73
194 93
536 5
810 185
23 82
277 73
3 371
277 240
3 388
3 438
109 532
626 185
126 185
683 56
683 43
853 17
47 20
164 20
777 73
719 107
777 73
719 283
538 24
704 107
100 82
464 414
441 56
624 261
47 82
465 501
102 93
102 93
728 474
102 82
468 24
625 75
137 173
625 237
625 98
569 183
194 115
277 73
47 261
521 21
478 24
657 74
657 49
657 498
747 291
562 20
562 82
250 227
184 98
246 8
103 186
103 186
103 178
103 245
103 85
597 498
520 85
42 64
102 82
42 236
42 235
42 352
42 524
42 229
325 54
102 358
102 260
102 366
102 74
102 91
102 325
102 59
102 91
102 366
290 183
766 497
766 534
704 20
597 345
855 228
413 399
753 245
626 185
650 498
841 107
861 345
105 17
105 152
407 82
407 319
407 322
851 43
407 113
851 75
851 228
626 82
725 185
464 356
683 56
683 43
309 121
704 386
321 457
321 191
779 43
626 185
164 227
736 75
58 345
625 191
630 152
608 275
608 141
683 43
603 49
853 17
164 141
441 43
32 527
137 73
515 178
515 59
515 29
317 27
742 173
596 37
742 39
742 244
600 152
347 75
477 451
650 43
477 451
597 345
744 386
704 386
194 72
520 121
100 399
100 399
100 82
100 82
70 79
47 386
102 59
102 82
442 102
164 451
164 75
256 386
572 227
677 451
677 369
677 405
330 50
290 208
290 69
290 95
290 524
290 198
142 37
149 322
149 102
149 39
850 60
44 495
408 541
600 317
777 73
777 131
385 109
54 82
54 26
855 228
37 113
725 43
242 73
853 109
18 59
18 72
164 208
234 11
234 436
462 173
138 2
52 451
52 405
138 2
242 72
277 73
562 20
47 20
164 451
164 20
650 43
810 208
407 82
407 113
407 322
164 208
321 101
777 73
704 20
704 386
47 99
18 11
18 2
810 208
628 275
164 208
175 371
194 72
137 244
137 173
704 69
262 228
226 38
47 386
32 46
533 132
704 386
441 57
533 228
477 377
704 377
4 73
533 10
704 57
90 69
704 69
87 358
719 26
864 526
3 371
278 132
126 134
102 358
164 173
197 228
569 224
852 11
225 160
225 162
225 233
225 378
225 393
225 58
225 69
225 172
225 367
225 212
225 152
626 82
600 152
600 335
600 477
652 358
462 173
16 60
277 73
863 229
863 271
327 64
242 72
343 109
343 120
343 438
149 495
336 188
18 11
290 335
290 69
533 132
278 132
704 69
19 377
720 542
651 46
62 164
62 443
413 68
850 542
704 377
650 46
866 65
866 436
533 132
866 502
866 322
866 190
866 164
866 275
866 91
164 229
441 378
4 73
332 275
3 120
3 438
683 57
852 11
600 443
56 498
56 234
56 99
630 152
56 99
441 57
491 135
56 173
105 152
105 17
597 498
19 60
422 68
422 371
422 49
422 370
624 227
651 46
683 57
570 393
149 502
441 57
3 371
572 227
332 152
290 68
290 69
720 542
375 266
720 165
704 57
42 544
332 68
650 46
650 57
607 443
562 12
128 407
128 123
128 275
392 132
392 3
392 3
392 386
47 237
508 11
720 500
850 542
725 57
749 81
704 57
441 57
624 12
683 57
278 89
821 150
821 150
533 132
556 208
358 101
327 69
102 543
102 82
102 204
102 91
32 46
562 12
145 123
176 208
176 104
810 91
810 82
782 295
546 125
850 543
593 76
184 275
102 543
589 125
624 12
850 543
436 68
436 19
742 173
742 443
742 39
742 244
742 241
548 252
157 76
18 204
18 76
18 76
290 69
572 103
17 46
47 208
323 319
323 123
26 523
26 266
653 132
777 73
569 183
569 183
569 183
569 183
459 241
719 475
102 204
137 244
137 173
137 173
625 237
625 475
797 228
198 427
656 393
742 173
742 241
742 244
720 542
720 543
536 3
568 338
536 525
862 356
779 43
779 57
836 244
836 523
537 355
278 312
836 110
836 250
836 464
836 199
836 47
704 420
597 525
853 117
1 154
1 357
47 18
47 281
651 411
392 3
392 3
392 197
392 15
392 132
810 305
572 154
572 44
18 119
719 110
719 273
719 201
719 315
104 67
104 296
71 22
71 57
557 361
593 452
677 405
677 356
677 86
149 36
677 406
742 244
742 364
744 248
865 199
865 208
706 425
3 84
3 117
332 347
779 57
779 352
779 362
569 289
267 33
851 43
220 28
220 319
220 82
434 362
434 86
434 367
562 12
810 347
810 199
810 117
810 289
657 139
344 50
344 50
276 195
850 365
850 253
850 87
850 117
52 173
52 39
52 405
850 238
52 239
52 451
625 347
625 155
625 364
625 163
625 230
133 19
624 204
624 416
624 231
624 12
624 312
32 46
79 29
32 446
537 90
17 446
17 94
724 30
704 347
704 57
853 163
390 303
390 419
390 84
758 263
758 13
164 356
164 157
102 204
164 234
102 492
164 35
102 488
719 107
270 80
473 273
473 36
470 52
18 204
18 446
470 443
470 443
470 85
539 190
821 393
753 32
144 434
836 244
596 110
596 305
742 173
47 273
548 104
810 117
3 84
3 117
3 365
3 52
277 482
630 107
650 411
650 94
650 57
650 57
650 46
235 181
762 361
762 159
762 202
762 262
762 379
539 88
539 388
539 388
539 93
18 305
18 11
137 244
19 262
651 94
137 173
413 365
23 361
23 128
23 82
23 91
3 388
102 204
102 82
779 57
779 341
779 12
762 361
247 59
561 30
683 57
683 57
683 43
569 224
371 298
45 241
58 154
777 395
224 262
26 523
556 117
850 117
850 365
16 59
742 173
862 356
742 241
742 244
47 59
47 169
19 262
47 465
138 2
603 391
603 269
704 465
327 64
327 64
132 408
836 523
836 244
570 259
570 393
318 265
17 46
45 241
737 150
629 67
629 41
102 59
197 228
830 107
462 173
589 391
589 387
419 338
67 80
67 368
67 40
67 39
67 489
67 133
67 199
205 42
205 308
205 41
205 33
205 32
572 488
290 528
290 464
290 241
290 406
290 289
290 183
290 384
290 529
290 138
290 22
290 313
290 337
597 266
28 139
37 113
58 411
600 443
600 230
600 317
396 178
52 173
52 39
327 229
164 229
220 238
164 173
624 385
823 323
841 107
138 422
704 107
56 498
102 93
56 498
184 35
56 498
56 498
47 59
556 117
742 241
742 39
413 365
742 244
851 43
569 289
569 183
850 365
628 275
18 59
628 164
385 109
103 178
275 80
103 178
326 208
102 59
722 488
164 208
194 93
850 208
719 107
724 218
724 155
138 488
569 188
626 218
468 218
719 107
44 443
44 8
625 155
683 43
704 107
704 107
18 59
18 159
18 12
725 253
441 232
441 57
375 266
375 266
262 228
441 296
375 423
375 281
124 30
124 308
124 274
124 55
87 492
657 498
607 150
19 12
534 133
273 255
4 116
4 530
4 36
4 196
836 244
719 107
109 48
145 388
473 36
47 59
47 281
618 365
650 411
39 154
53 378
142 59
515 440
569 179
515 19
392 293
851 43
851 308
572 488
572 228
572 228
392 230
346 438
346 109
346 120
346 387
346 365
277 196
407 82
407 319
719 107
275 117
290 241
290 289
290 183
290 208
290 179
290 12
651 498
141 36
272 134
704 107
272 132
272 115
704 107
704 378
407 322
836 244
407 113
3 120
3 438
861 19
385 109
847 11
847 289
326 386
47 304
47 59
47 386
102 82
431 12
44 322
515 19
704 386
515 272
18 11
18 48
18 59
744 173
736 75
84 128
185 41
102 59
821 393
821 150
868 236
861 19
338 475
338 30
338 30
868 84
850 87
3 84
47 59
164 173
164 128
164 75
164 289
164 312
742 241
742 244
75 11
757 183
719 107
719 107
719 475
719 48
704 107
704 107
704 107
704 107
625 230
625 475
625 75
777 67
836 244
841 107
53 378
164 75
753 322
753 208
753 65
753 497
753 54
392 230
392 132
441 43
441 59
704 378
630 152
536 525
176 104
149 322
626 82
277 54
719 107
495 206
326 386
326 19
388 28
854 365
854 150
569 183
704 107
128 164
766 76
47 59
766 534
278 81
358 59
358 107
358 12
358 13
358 13
26 523
26 266
275 59
282 43
704 107
704 107
719 107
75 12
719 107
464 414
625 75
704 107
441 59
441 59
562 12
44 322
719 107
164 75
619 338
538 24
608 387
608 117
25 441
25 402
836 523
608 163
600 163
753 322
810 117
80 544
102 82
704 107
42 544
42 64
42 281
275 163
44 322
316 13
719 107
142 59
325 54
268 19
657 75
539 303
539 388
109 59
736 75
332 47
332 465
753 32
753 32
657 75
47 386
47 281
90 465
625 75
625 163
390 465
375 266
206 110
206 365
75 59
866 547
836 110
836 47
463 178
607 20
841 107
841 107
841 24
570 393
624 385
27 156
176 338
47 81
47 5
47 20
464 356
250 228
851 43
851 86
851 228
851 12
719 107
719 107
797 86
797 228
23 81
624 385
260 164
260 443
268 298
608 323
608 323
47 208
608 141
608 477
556 82
556 117
164 356
164 208
821 393
821 150
821 183
821 183
290 241
290 183
100 377
100 82
100 82
579 212
520 68
520 131
630 477
569 183
103 178
290 183
371 175
282 56
282 250
282 215
607 477
607 150
607 20
184 65
375 266
618 365
651 345
619 338
825 408
825 252
515 178
597 345
749 68
706 24
862 356
854 150
137 244
654 488
124 14
422 316
422 81
54 26
569 183
18 11
53 408
18 59
18 76
18 75
810 208
810 117
810 281
753 208
753 65
562 387
562 12
302 502
630 477
630 178
462 173
720 543
625 75
742 477
742 244
630 477
422 68
332 477
149 502
277 14
277 482
413 68
351 3
206 20
556 117
556 12
206 169
193 88
572 65
206 153
193 12
847 15
847 15
23 482
138 2
138 7
630 477
556 12
100 82
58 12
810 208
810 82
657 545
4 291
206 117
206 117
701 236
650 131
683 43
683 57
47 169
206 131
110 186
110 325
556 208
556 82
84 128
862 356
851 75
851 12
851 86
75 59
821 150
19 12
657 75
358 107
556 12
358 59
19 12
100 82
742 39
186 24
432 135
432 326
75 59
75 59
295 101
488 135
488 135
488 326
836 250
626 128
731 123
810 208
810 117
810 82
731 70
142 12
133 19
133 19
100 82
436 19
657 74
47 304
47 59
515 19
290 186
290 183
32 304
290 208
275 59
275 117
275 75
275 128
636 98
192 12
192 123
447 86
504 183
607 12
607 150
653 330
861 19
657 75
184 98
47 59
810 131
650 131
539 88
268 19
701 286
175 252
224 12
194 86
868 236
847 208
18 59
47 59
164 208
164 128
19 12
298 386
145 388
360 408
90 312
441 56
608 275
608 122
556 70
597 266
71 178
47 324
133 19
850 365
850 117
270 80
270 80
100 430
100 435
53 257
102 59
102 59
102 59
102 59
102 59
102 74
810 333
810 208
810 403
810 117
206 131
371 298
618 365
392 4
841 141
841 107
841 250
841 250
270 53
407 82
133 460
608 141
275 80
275 128
275 137
275 208
841 141
103 178
725 117
626 333
194 74
358 107
841 107
515 19
515 178
358 107
358 101
282 169
282 56
172 118
841 107
841 107
582 269
582 257
582 257
582 326
582 204
582 232
582 55
582 191
582 86
582 265
582 29
582 37
582 75
582 98
582 251
390 303
390 362
539 303
810 117
539 89
539 304
539 304
787 228
142 326
321 19
238 52
468 150
468 486
626 362
206 28
589 12
17 46
17 94
75 11
247 38
247 38
206 46
719 107
32 46
17 46
32 46
32 46
17 46
870 46
870 160
17 46
4 207
4 453
262 10
262 228
32 46
32 46
650 81
683 56
706 127
146 12
610 173
105 12
464 356
464 356
657 75
657 74
657 362
137 39
282 56
441 191
375 266
17 46
290 182
290 183
597 334
69 183
597 266
69 301
742 39
625 20
625 86
461 12
625 453
607 150
836 244
607 150
290 183
607 12
290 208
290 460
290 513
290 180
836 173
45 39
508 35
608 10
44 102
44 8
44 17
834 252
834 235
834 131
168 235
608 117
233 98
736 75
109 54
109 59
100 82
17 12
810 35
629 170
731 395
657 75
536 10
3 362
870 46
206 131
407 82
102 82
36 13
744 173
744 137
744 252
744 533
744 453
744 102
392 10
392 10
539 273
718 302
624 160
327 208
137 39
137 244
327 453
137 173
278 89
677 369
600 477
600 317
836 244
47 20
47 89
589 12
32 46
164 208
651 46
556 117
556 82
545 396
32 46
834 131
834 235
762 17
762 17
346 438
346 120
358 17
473 273
725 37
3 120
3 438
536 10
603 335
603 269
603 269
262 228
157 76
810 208
625 317
625 453
142 12
270 80
146 12
146 88
146 88
105 17
26 523
26 266
841 269
841 107
841 356
53 362
53 378
53 378
53 289
375 266
53 201
650 289
462 8
597 266
275 80
275 117
626 10
626 82
810 289
390 362
390 257
3 362
539 304
539 388
628 275
539 89
539 236
270 80
650 362
651 289
275 80
742 39
742 244
742 241
124 30
853 117
128 122
758 262
19 262
853 17
464 356
625 362
821 122
472 282
206 117
206 110
842 208
399 383
465 35
275 117
390 362
390 341
390 341
600 335
600 317
3 362
742 59
102 59
102 82
742 59
850 117
853 17
683 56
842 291
47 273
700 318
650 17
868 162
657 362
565 497
565 368
565 238
565 104
565 104
608 524
608 117
608 101
608 233
608 117
608 443
206 90
704 378
608 263
3 117
782 164
782 295
704 28
782 115
571 57
571 296
571 257
704 362
608 117
704 257
390 362
390 257
390 257
441 296
556 82
853 117
17 46
17 46
44 443
4 7
168 150
290 241
47 162
47 117
125 71
742 443
742 241
375 266
742 101
683 57
629 68
629 423
650 46
650 57
462 173
392 10
610 488
17 46
17 289
206 46
282 56
56 423
753 497
868 82
657 316
17 46
626 82
569 289
650 289
868 82
556 82
749 68
67 80
275 80
67 529
67 368
67 80
67 274
67 333
67 199
67 121
67 367
67 43
67 208
67 27
67 460
18 204
67 488
18 200
18 11
67 236
67 191
67 293
18 59
18 82
67 133
67 186
67 131
67 181
67 197
67 451
67 47
67 248
67 58
67 65
67 179
67 313
67 239
67 347
67 150
67 22
67 21
67 423
67 335
67 8
67 379
67 513
67 443
67 13
67 273
3 362
67 139
67 345
67 55
67 60
67 33
67 385
67 465
67 305
67 414
67 362
67 155
67 163
67 37
67 238
67 12
67 229
67 233
67 338
67 202
67 422
67 453
67 237
67 355
67 63
67 240
537 90
47 59
602 20
868 82
602 107
602 54
602 39
447 86
447 524
447 524
231 338
447 82
272 248
742 57
650 57
137 173
17 289
797 86
262 59
810 333
810 497
719 107
358 107
358 107
358 107
650 289
206 131
206 90
358 101
358 101
44 163
358 195
625 347
625 362
571 57
441 57
810 117
810 289
571 57
571 296
571 257
206 117
608 163
608 117
384 408
608 524
100 82
608 152
608 101
608 443
651 362
701 236
510 11
53 289
53 362
53 378
132 364
325 316
597 266
650 57
597 423
597 345
275 163
275 208
275 347
275 199
753 65
753 423
319 132
326 176
100 131
100 411
100 206
100 137
100 333
100 185
100 465
100 391
100 208
100 93
100 308
100 87
100 103
100 69
100 367
100 19
100 347
100 273
100 180
100 8
100 141
100 233
100 32
100 237
100 117
100 289
100 12
100 91
100 35
100 169
100 60
100 47
657 316
657 316
657 103
53 289
744 173
810 185
810 308
744 355
810 289
810 35
810 82
753 32
753 333
53 289
3 117
3 367
390 19
432 326
597 423
100 333
597 525
432 59
100 185
100 308
432 135
100 103
100 367
432 325
100 19
100 32
100 117
100 289
100 35
100 82
569 289
537 90
537 90
142 59
137 173
102 93
102 82
102 82
275 117
810 308
650 308
650 289
3 117
3 367
667 313
650 237
624 385
624 12
810 289
810 82
390 362
390 303
719 107
718 132
610 173
785 526
47 273
194 93
473 273
17 46
17 385
868 236
321 101
868 82
798 387
798 387
798 37
798 367
206 46
275 117
275 237
32 46
18 546
18 305
571 57
602 107
18 11
753 32
18 13
142 37
17 46
17 103
17 103
17 289
719 107
862 152
810 305
810 289
441 57
798 37
798 26
603 317
625 347
625 364
625 362
441 59
3 367
17 46
608 117
100 93
100 308
100 82
100 289
100 103
100 367
100 347
100 273
100 12
100 117
100 237
100 32
110 186
110 74
110 325
142 37
488 135
836 193
836 244
510 11
53 289
841 107
841 237
473 407
473 389
810 117
810 289
3 117
100 399
100 237
100 289
100 117
49 76
782 443
782 443
753 245
390 367
100 367
626 95
753 32
149 495
650 308
650 57
650 79
100 32
100 308
571 457
571 379
571 371
571 117
571 265
462 63
753 32
302 502
100 117
100 32
597 125
290 241
290 460
290 513
290 529
290 335
192 101
47 59
196 38
810 443
810 117
810 289
3 117
3 371
556 76
556 82
358 101
358 364
159 298
19 308
47 370
47 117
275 117
626 298
3 117
375 266
375 423
375 281
719 283
719 107
753 423
346 117
810 117
346 498
175 371
3 117
3 117
3 371
102 358
102 260
102 366
102 74
100 308
102 82
100 117
100 289
100 82
867 107
225 73
225 162
3 117
867 379
194 74
194 93
867 50
867 22
184 65
47 281
47 5
47 303
683 56
830 107
650 308
650 498
358 107
608 87
275 117
608 117
608 233
608 101
275 117
149 502
608 117
608 317
810 117
810 289
841 107
608 402
608 488
608 117
608 237
19 308
369 281
75 281
622 541
441 457
441 265
850 542
850 87
850 103
850 500
850 238
850 104
172 72
871 152
630 152
290 198
53 289
23 7
102 93
102 82
810 289
3 117
360 408
360 95
630 12
137 173
44 427
17 46
53 289
105 152
582 269
582 257
582 326
582 98
582 251
582 55
582 37
206 117
195 407
275 117
390 257
390 362
616 70
390 303
390 419
569 183
192 101
650 308
867 107
650 385
650 385
330 35
810 419
3 362
3 117
17 385
109 54
109 532
44 443
44 12
109 54
17 12
657 498
608 117
462 173
761 90
650 385
47 237
608 87
282 56
626 237
844 154
268 19
3 117
491 282
302 502
491 441
683 56
206 117
242 72
571 56
571 251
571 117
850 87
537 90
358 101
358 12
75 94
556 70
556 237
742 173
742 443
742 241
742 244
18 76
465 355
45 241
683 56
126 134
462 173
371 298
785 14
785 489
785 47
514 379
514 54
608 117
407 319
327 453
327 208
327 69
702 416
327 489
327 64
841 54
327 229
556 117
17 94
298 49
17 46
810 208
657 94
810 489
657 362
657 362
744 173
53 362
744 76
744 308
744 271
53 2
3 362
850 60
149 502
149 489
650 94
841 173
53 362
103 186
53 378
103 251
275 237
597 94
3 362
651 94
137 244
137 173
45 489
836 489
836 250
836 523
44 443
320 70
841 250
608 117
501 32
841 250
556 117
275 117
18 76
568 338
70 79
70 79
70 79
100 208
100 93
100 308
100 103
100 69
100 19
100 82
100 47
100 60
100 35
597 79
100 117
100 237
100 233
100 32
100 357
810 208
100 208
556 357
100 357
556 357
100 357
556 208
556 208
556 477
100 208
192 12
761 90
100 451
100 313
810 208
556 208
100 208
571 257
571 117
100 117
625 362
441 257
810 208
100 208
337 526
100 291
206 90
100 253
100 419
100 403
275 117
100 196
761 90
100 281
100 117
503 68
133 19
100 19
275 117
100 117
100 335
205 42
537 90
761 90
537 90
810 42
100 488
3 362
390 362
332 68
332 488
332 47
358 12
3 362
282 56
282 178
608 263
608 117
100 47
100 12
100 117
67 529
67 333
67 208
67 47
67 460
53 257
53 131
53 486
53 486
536 3
618 103
18 13
18 59
100 103
100 131
100 208
100 47
275 208
100 333
100 208
600 427
859 262
441 257
841 475
841 399
810 333
810 208
810 131
810 185
810 498
810 497
810 253
275 208
100 399
100 333
810 208
275 185
810 333
100 333
810 185
810 333
810 419
810 41
810 18
810 465
810 289
100 208
810 47
810 208
100 333
275 208
100 208
810 489
810 333
275 18
810 208
810 18
275 208
810 82
275 18
810 208
810 18
275 208
810 202
556 208
810 208
810 208
810 208
813 495
275 208
810 208
275 208
810 35
810 208
813 156
275 208
813 39
810 208
810 396
275 208
100 82
390 419
100 419
514 18
810 419
810 18
810 82
650 131
650 289
810 289
501 76
100 131
100 419
100 289
100 82
70 79
390 84
277 14
571 362
571 117
571 257
100 117
720 542
608 477
720 500
608 233
608 117
608 196
390 257
719 107
194 93
100 196
100 117
100 93
100 233
441 117
571 117
441 117
571 117
441 117
332 156
841 107
608 173
608 196
608 438
19 262
671 407
701 201
3 438
753 32
753 322
753 497
867 367
651 131
100 131
100 367
100 32
100 117
100 196
44 322
19 13
246 172
149 322
149 495
140 4
629 198
813 495
47 82
47 465
100 82
100 465
231 338
392 3
390 362
719 107
841 107
868 162
503 68
657 498
657 362
608 196
608 438
608 438
608 362
867 107
867 367
422 370
867 291
422 371
3 371
3 438
3 362
657 362
17 46
841 107
841 107
390 362
719 107
