841 107
841 107
571 117
719 107
347 122
719 107
347 131
719 107
719 107
124 115
441 117
853 117
44 322
841 107
841 107
841 107
841 107
841 107
719 107
319 132
319 75
319 175
520 121
520 324
520 281
520 245
520 202
520 465
520 15
357 378
100 131
100 291
100 367
100 465
100 117
100 196
100 281
47 324
47 162
275 117
275 185
868 162
149 322
867 107
100 185
100 117
18 76
27 322
102 82
539 273
539 273
539 273
44 495
468 486
719 107
75 59
273 248
23 82
539 303
539 93
719 107
719 107
719 107
719 107
719 107
810 289
810 281
18 59
18 46
18 13
813 495
75 13
75 94
75 11
624 385
608 185
624 385
608 117
650 385
206 59
358 107
358 107
358 107
358 107
830 109
830 305
358 107
810 185
810 305
275 117
871 164
719 107
100 93
100 185
100 273
100 82
100 117
100 281
100 289
396 178
810 289
396 178
810 82
275 117
275 185
47 20
321 101
191 291
110 60
867 107
17 46
850 526
850 526
850 103
18 11
18 13
18 546
23 482
44 495
861 19
569 385
569 13
358 107
850 365
358 107
358 107
164 208
683 56
275 208
103 39
103 102
290 186
290 241
290 183
571 117
19 13
608 185
608 109
1 39
853 117
841 107
53 131
53 486
53 117
53 289
53 169
53 236
53 289
137 173
3 117
53 378
651 289
53 289
75 13
53 362
19 13
53 257
853 117
344 50
3 117
17 385
100 208
100 185
100 19
100 103
100 117
100 289
100 169
100 60
100 82
10 68
626 273
626 13
309 121
309 121
53 169
572 488
625 75
164 208
275 208
18 159
347 131
657 75
327 69
327 289
871 152
651 289
744 208
744 173
850 103
850 117
650 289
650 385
268 19
100 208
100 131
100 488
100 103
100 69
650 131
100 19
100 131
100 273
100 117
100 289
100 169
275 117
275 208
626 273
651 289
651 289
650 131
650 289
650 411
719 107
719 107
47 59
100 208
100 131
100 273
100 117
100 411
100 289
650 411
650 289
609 159
100 289
100 411
100 411
650 411
23 482
704 107
358 107
704 378
56 81
56 5
56 5
704 420
56 5
56 5
463 178
719 107
441 117
56 39
441 59
810 289
56 39
100 289
100 411
100 117
231 59
810 411
810 289
872 443
872 302
767 59
810 443
515 178
872 443
515 19
810 443
810 333
810 208
810 185
275 208
657 498
515 43
515 107
515 107
869 109
515 315
571 117
100 185
100 117
100 289
100 411
100 208
100 333
515 54
100 19
744 76
515 32
515 117
515 371
515 49
657 178
275 208
850 103
850 117
3 117
3 371
100 208
100 103
100 32
100 117
325 316
275 208
142 59
275 59
275 117
100 117
100 208
357 378
282 178
282 56
282 56
358 107
275 40
275 40
109 76
109 48
100 377
719 107
53 323
53 169
53 289
53 131
53 378
53 443
53 117
53 386
53 191
53 44
53 408
392 230
47 59
47 304
47 207
572 44
572 228
539 396
3 117
762 361
650 498
608 434
608 185
608 323
100 131
100 185
100 117
100 169
100 289
810 208
810 185
810 443
810 352
358 425
100 185
100 208
810 185
407 113
657 498
657 316
657 446
53 323
53 443
538 475
704 107
704 386
149 36
18 119
18 48
18 59
18 76
18 159
18 446
810 443
392 159
392 76
556 76
821 393
56 423
651 131
282 67
282 169
357 378
629 56
515 440
515 107
231 352
53 378
60 43
53 386
53 169
228 186
228 116
100 131
228 93
100 185
228 52
228 162
100 169
228 10
228 159
228 74
228 91
228 42
228 190
228 15
228 393
228 232
228 253
228 419
228 464
228 443
228 291
228 195
228 241
228 488
228 58
228 101
228 64
228 239
228 18
228 18
228 377
228 69
228 128
810 185
228 441
228 465
228 70
228 402
228 315
228 347
228 513
228 317
228 180
841 107
228 8
841 107
228 501
841 40
228 36
841 49
228 202
228 312
228 438
228 281
228 386
228 115
228 326
228 251
228 324
228 430
495 206
850 103
102 492
719 107
719 107
515 107
608 323
847 11
100 206
100 185
100 103
847 13
657 446
80 544
719 107
749 81
109 48
358 107
68 157
23 361
23 423
719 107
719 107
392 76
556 76
346 438
346 109
346 117
346 117
346 498
346 420
867 367
275 208
275 185
853 117
275 40
275 117
810 208
657 208
268 36
810 91
18 11
18 159
60 56
571 117
850 103
657 47
810 117
810 47
720 165
720 326
47 18
798 185
744 76
798 323
744 117
141 72
100 47
100 208
100 185
100 103
100 367
100 91
184 85
100 117
282 169
282 43
282 56
282 215
164 157
164 208
556 60
53 169
53 131
53 191
53 443
53 44
275 208
275 185
392 159
392 76
572 488
392 188
810 208
556 76
810 185
810 443
810 18
810 117
810 91
810 47
556 70
53 178
195 407
570 393
570 259
867 465
744 76
744 117
103 178
850 103
625 191
625 230
100 208
206 131
100 131
100 185
100 488
100 103
100 465
100 117
100 91
100 169
100 60
100 47
53 178
515 178
618 103
100 103
3 367
100 367
358 107
275 18
275 185
275 208
704 107
704 107
102 91
719 107
749 68
749 22
749 121
719 107
719 107
100 185
100 91
343 109
343 28
343 141
343 245
392 208
100 208
749 208
841 141
275 185
358 107
683 56
571 56
650 43
100 208
100 185
841 107
603 337
47 526
47 82
100 82
742 241
58 191
275 185
473 107
602 85
441 191
282 43
282 56
282 541
282 486
282 316
282 341
282 49
515 107
515 107
515 107
762 361
468 218
53 191
53 486
618 103
650 218
47 281
390 36
562 407
810 18
556 76
556 76
744 76
556 76
282 486
358 107
100 281
100 185
100 103
18 13
18 446
18 46
18 385
657 446
275 185
629 423
515 107
206 103
206 13
206 90
626 185
242 72
275 185
282 423
71 255
626 185
47 333
18 13
18 446
53 486
56 345
657 446
56 423
468 191
719 107
537 90
867 107
872 60
872 443
873 107
321 191
515 107
515 107
515 345
515 345
571 117
571 362
719 107
473 107
719 107
357 378
719 107
180 281
625 191
761 90
100 185
100 60
758 262
100 103
100 281
100 117
758 103
332 85
321 191
608 185
75 60
520 60
100 185
100 103
100 60
53 378
53 191
53 117
275 185
515 117
126 451
651 345
629 56
629 423
100 185
100 117
333 423
333 486
333 67
164 333
53 486
608 185
630 477
608 275
282 423
282 486
282 56
869 367
268 19
268 19
375 122
375 281
17 46
375 423
17 446
612 345
670 24
537 90
744 76
23 361
23 423
23 82
47 82
468 191
468 191
53 191
468 191
53 191
53 386
629 56
629 67
629 423
571 117
651 46
32 46
651 46
32 46
651 46
520 281
520 60
742 173
742 39
742 244
392 386
742 241
392 386
556 60
282 67
47 281
867 367
26 266
626 82
441 296
375 273
556 82
32 46
441 296
657 103
650 46
650 46
290 528
290 241
290 406
149 39
275 185
810 185
275 185
810 185
803 73
17 46
651 46
593 76
590 8
556 76
327 13
867 303
867 408
32 46
562 82
572 488
651 46
319 175
392 76
392 386
32 46
321 191
625 477
650 46
650 46
1 39
571 296
27 156
145 281
145 379
593 191
657 49
657 101
539 88
539 388
282 49
275 185
3 88
301 420
815 436
441 296
332 156
375 266
224 101
272 134
272 248
272 132
719 107
600 477
810 185
867 107
392 132
392 533
569 188
785 407
47 49
744 76
17 46
17 13
17 13
17 13
571 169
571 117
441 117
358 107
853 17
853 17
358 107
358 107
358 101
358 17
593 76
701 236
338 384
338 198
195 36
53 257
810 117
853 17
53 117
73 333
73 4
671 407
473 36
473 36
384 408
100 185
100 103
100 367
100 82
100 60
100 117
100 281
100 19
100 169
137 244
137 173
18 76
18 46
18 13
744 76
282 169
810 185
53 289
53 443
358 17
358 17
100 185
100 169
133 19
100 289
104 67
100 19
810 185
810 289
103 178
53 289
53 169
301 420
301 81
651 46
861 19
4 530
810 289
441 169
867 107
441 169
867 303
867 408
32 46
867 22
867 50
867 443
867 367
867 291
556 76
867 379
867 465
867 60
556 117
867 76
47 82
53 289
53 169
657 101
272 132
184 85
593 76
195 36
17 46
32 46
195 36
358 101
571 169
355 440
571 117
473 36
355 352
195 36
473 36
842 281
32 46
195 36
556 76
657 101
657 139
282 169
206 122
206 482
625 477
742 39
742 244
742 152
742 241
53 169
836 244
275 13
275 185
100 185
100 82
100 367
100 367
810 185
810 82
810 82
629 73
744 39
126 497
392 132
718 76
657 103
853 17
867 367
26 7
593 76
501 49
501 252
650 46
468 191
441 117
53 117
275 117
810 117
358 17
90 291
129 465
129 133
346 524
53 524
514 379
100 185
100 291
100 103
100 367
100 19
100 82
100 117
100 289
853 17
100 281
100 169
18 13
47 59
810 291
810 117
810 289
810 82
441 117
810 333
810 434
810 208
810 396
810 131
810 451
810 185
810 498
810 42
810 497
810 308
810 253
810 419
810 443
810 291
810 41
810 101
810 239
810 103
810 18
810 305
810 295
810 367
810 465
810 347
810 261
810 199
810 262
810 10
810 155
810 403
810 237
810 117
810 196
810 411
810 202
810 289
810 352
810 91
810 35
810 281
810 47
810 82
718 59
100 82
718 76
275 59
275 117
275 208
100 131
100 47
100 333
100 103
100 35
100 419
100 185
100 308
625 191
100 91
100 347
625 239
625 155
100 289
100 208
100 451
625 152
100 253
100 291
100 367
100 465
625 291
100 291
100 411
100 196
100 117
100 237
137 244
850 10
850 60
850 60
100 60
546 239
282 169
301 420
53 191
53 289
100 289
100 169
100 475
100 386
540 265
540 49
53 386
392 386
275 208
3 291
810 333
810 208
810 131
810 451
810 308
810 253
810 291
810 103
810 10
810 117
810 289
625 239
625 475
4 291
539 303
539 283
539 283
100 333
100 131
624 385
100 208
100 451
100 308
100 253
100 291
100 103
100 117
100 289
100 386
100 475
53 289
53 386
357 378
53 236
650 385
53 117
100 386
100 289
100 117
850 208
360 408
853 117
753 423
47 59
657 103
657 475
874 208
841 218
841 49
810 289
719 475
360 367
375 122
375 423
867 303
375 199
626 122
536 3
17 46
17 46
404 286
18 59
32 46
596 5
596 388
596 37
17 385
17 289
404 414
32 304
32 304
32 304
32 304
32 304
32 304
17 46
404 125
44 152
494 63
441 265
441 169
597 49
282 49
719 107
719 107
53 289
53 169
145 281
53 303
145 388
836 244
102 59
742 39
742 244
100 475
100 281
100 103
100 367
100 169
100 289
100 117
100 257
100 163
100 102
100 186
47 304
47 59
47 5
275 163
275 117
763 178
763 195
17 289
763 19
763 19
539 89
539 303
53 178
539 273
53 303
763 178
763 387
810 117
810 289
392 186
53 178
100 186
100 19
100 163
100 117
100 273
100 289
358 195
358 107
17 289
172 59
172 48
172 72
810 117
53 289
763 59
42 544
290 241
290 289
290 289
533 228
53 169
53 117
53 486
441 169
53 169
53 443
569 289
45 241
60 43
60 37
60 49
597 117
390 257
36 101
140 4
140 4
140 4
869 275
510 321
510 59
109 48
850 103
810 443
810 101
810 117
810 289
137 244
137 102
63 191
63 191
515 107
515 440
515 178
515 37
515 59
515 49
515 533
515 117
597 443
650 46
671 59
719 107
422 81
571 237
571 117
422 371
333 486
172 48
422 49
142 37
290 241
290 460
290 529
290 367
290 384
355 440
282 49
282 486
762 361
53 386
53 117
618 103
109 48
651 46
651 289
172 48
275 59
3 371
625 237
277 73
100 257
100 367
100 103
100 289
100 117
100 169
100 237
100 386
556 237
53 131
841 107
841 107
841 107
841 107
441 169
850 103
850 237
629 257
629 73
650 46
422 49
810 185
810 18
422 56
422 305
704 107
422 370
867 107
275 237
275 18
343 438
78 185
343 438
78 207
78 42
78 52
78 308
78 419
810 18
32 304
32 304
32 304
556 185
725 117
841 107
719 107
719 107
53 117
861 19
346 438
346 438
346 438
346 420
346 524
346 387
53 524
53 524
53 524
744 386
53 191
53 191
867 107
3 52
3 438
571 117
133 19
571 237
441 117
441 232
571 169
571 57
608 275
608 275
657 103
657 361
206 122
206 117
608 262
206 59
206 59
206 48
608 87
206 169
390 419
841 107
841 107
683 56
608 163
841 107
841 107
842 281
282 169
282 56
109 48
100 117
100 185
100 281
100 131
275 117
275 185
810 262
810 117
867 388
275 137
538 286
78 185
78 419
78 52
47 370
810 185
850 87
78 465
78 283
78 196
78 352
78 156
78 13
810 465
810 196
719 283
719 107
719 283
719 107
78 283
78 283
78 196
719 283
3 52
810 196
358 59
392 533
867 107
867 107
841 107
841 107
18 59
142 59
319 128
719 107
719 107
719 107
47 465
47 49
90 128
358 107
109 54
109 20
301 420
758 283
100 117
100 103
100 185
100 237
100 137
109 59
597 52
47 59
719 107
275 59
275 117
275 185
275 128
810 185
810 465
810 237
810 117
100 117
100 185
78 52
23 361
3 52
867 107
867 107
719 107
810 185
810 117
78 52
867 107
867 107
275 185
719 107
719 107
719 107
556 237
515 107
515 20
540 265
540 352
540 49
109 48
625 237
3 52
18 59
867 107
556 237
100 185
100 117
100 237
100 308
100 419
100 87
275 185
100 465
100 386
100 185
810 185
810 117
100 19
100 185
100 117
100 169
100 257
867 465
441 265
626 122
850 237
100 465
100 163
100 237
842 37
842 291
100 82
404 286
404 475
850 237
100 475
100 291
100 237
850 237
850 237
556 185
537 90
358 107
358 107
358 59
571 169
571 117
571 37
571 265
853 117
100 169
100 117
100 237
18 76
865 208
275 59
275 163
540 265
540 10
719 107
539 107
539 88
539 159
719 107
841 107
100 208
841 107
100 163
275 163
719 107
539 50
133 19
719 107
16 82
556 82
744 76
100 19
100 163
100 82
841 107
841 107
841 107
841 283
841 49
539 273
841 20
841 20
18 76
18 159
539 283
850 10
850 117
841 283
878 208
763 19
275 117
763 19
100 19
100 273
763 425
878 82
597 345
597 345
810 208
810 117
810 333
810 208
810 185
810 289
810 465
441 265
27 156
27 322
556 208
60 232
60 56
60 37
100 333
100 208
100 185
100 82
100 465
100 289
100 117
758 13
515 37
102 93
102 204
102 488
102 358
102 260
392 159
392 237
653 196
103 102
719 283
719 283
719 107
194 93
556 208
865 322
810 333
810 208
810 185
810 465
810 117
47 465
47 18
47 386
538 475
813 322
47 59
332 156
275 59
78 196
78 13
842 208
556 208
556 117
100 333
100 93
100 208
100 185
100 465
100 107
100 117
100 237
867 107
100 107
100 386
100 475
878 122
47 386
47 385
878 20
719 107
100 107
100 386
53 289
53 257
53 486
53 486
47 237
47 386
540 265
540 10
53 386
53 169
53 378
53 443
867 107
867 443
53 117
53 117
719 107
392 386
744 76
810 208
562 12
810 465
810 117
810 289
149 322
841 107
275 208
841 283
841 283
431 12
390 257
109 59
282 486
53 257
100 208
100 465
100 117
100 169
100 237
100 289
100 12
810 465
100 386
100 465
810 289
100 257
100 289
763 93
763 59
810 465
810 289
719 283
53 289
719 107
205 21
53 289
53 169
53 117
53 386
100 465
100 289
100 169
100 386
810 117
810 289
4 232
4 196
4 352
53 289
109 59
53 408
53 411
100 117
100 411
100 289
100 196
44 443
301 420
434 313
347 159
27 156
27 322
515 107
100 313
867 107
355 352
100 107
867 465
100 465
392 3
441 232
441 10
441 265
56 345
60 232
810 443
810 117
810 196
810 289
275 59
719 107
390 257
719 283
719 475
597 345
47 465
194 93
867 107
538 24
51 318
132 364
51 239
422 369
422 68
608 262
571 24
571 265
571 296
571 169
826 18
719 107
18 204
18 59
18 76
18 159
53 117
53 169
53 443
539 273
53 411
562 12
810 262
810 117
47 59
145 379
540 265
540 10
180 123
100 93
100 273
100 117
100 411
100 289
100 12
100 169
100 257
100 405
100 475
612 345
27 75
53 169
53 257
53 411
841 107
841 283
100 411
100 169
100 257
571 117
571 257
651 411
100 411
100 117
100 257
753 333
753 208
810 333
810 117
125 272
125 71
853 117
629 68
629 257
53 117
53 169
810 117
18 59
290 68
441 296
441 10
441 265
441 257
53 257
53 457
53 131
53 253
651 411
53 357
53 159
23 361
650 411
650 131
16 82
16 59
758 60
138 231
850 253
850 60
100 208
100 131
100 253
100 357
100 117
100 411
100 169
100 82
321 488
100 257
625 239
3 117
100 117
390 257
47 59
441 457
441 257
3 117
321 457
571 169
571 117
571 265
571 457
75 94
100 169
100 117
100 257
851 43
851 196
851 228
82 5
53 117
53 411
53 257
53 131
47 5
539 303
650 411
651 411
540 265
53 411
626 13
100 131
100 117
100 411
100 257
879 26
683 43
683 43
810 131
810 253
810 411
556 357
53 131
53 303
53 323
53 19
60 43
53 486
493 13
556 13
18 76
753 208
753 453
556 76
18 13
18 76
18 75
102 93
102 204
556 75
758 60
758 60
810 131
422 68
282 486
107 22
100 411
100 19
100 60
100 208
100 357
100 131
100 93
100 253
109 245
441 265
71 22
683 43
810 253
810 411
109 20
109 54
758 60
193 88
107 22
850 117
850 60
810 117
333 486
865 322
571 117
431 12
60 43
60 37
464 356
813 322
347 131
347 75
556 60
853 117
282 43
629 56
53 131
53 253
53 486
53 201
53 323
53 289
53 169
53 362
504 183
504 10
504 59
504 132
504 49
504 208
53 131
650 411
810 253
27 322
27 75
327 208
327 289
540 10
53 289
867 60
56 5
327 18
719 283
719 107
810 18
810 289
53 289
850 208
850 253
850 117
47 303
810 253
810 117
810 289
810 289
194 93
194 93
515 117
515 107
312 368
100 208
850 208
850 238
850 103
850 526
850 104
657 103
100 117
850 60
850 103
850 103
850 117
657 103
850 103
850 365
100 411
657 103
810 208
810 117
810 411
763 59
192 88
650 411
867 107
301 420
855 228
290 183
290 367
100 117
100 411
719 107
867 107
810 411
719 107
867 107
758 60
758 13
719 107
867 107
850 60
850 13
556 208
753 245
719 107
580 163
850 208
810 208
539 388
539 303
539 89
850 208
569 183
810 289
650 289
515 107
810 289
53 289
390 303
867 107
867 303
53 18
810 289
657 361
290 183
290 22
290 22
100 411
100 289
100 60
100 107
100 208
100 208
100 169
100 131
100 93
100 253
100 103
100 367
100 163
100 12
810 253
100 49
100 253
810 253
810 403
100 301
100 403
100 253
719 107
810 403
810 253
515 107
510 59
510 321
100 253
810 253
100 107
100 253
810 253
32 46
375 266
100 253
810 253
47 544
47 185
47 107
867 107
651 46
867 22
290 208
290 367
53 253
390 303
53 289
53 303
810 253
53 411
53 253
810 289
810 253
810 411
53 457
53 289
867 107
810 289
569 183
841 283
841 283
758 60
758 283
758 283
758 283
758 283
850 60
758 60
53 289
53 303
719 283
441 457
53 457
53 131
810 289
810 396
810 131
810 451
810 185
810 498
810 42
810 497
810 308
810 419
810 443
810 239
810 103
810 18
810 305
810 367
810 465
810 347
810 199
810 117
32 46
32 46
32 46
18 59
540 49
742 443
742 241
742 244
327 289
742 39
332 443
867 303
867 367
867 60
810 289
608 163
571 43
571 37
571 117
301 81
571 169
441 117
571 57
571 57
571 117
608 117
571 117
53 303
53 117
47 59
758 60
758 103
47 81
47 237
47 59
102 93
47 18
841 283
102 283
841 283
841 283
45 39
657 492
657 492
657 358
657 188
390 303
390 419
172 59
375 199
810 103
810 199
719 283
719 283
719 283
867 303
867 60
758 283
758 283
23 361
384 408
27 199
47 239
390 303
537 90
100 131
100 451
100 185
100 253
100 308
100 465
100 103
100 419
100 367
810 451
810 308
810 253
810 103
810 199
100 451
100 253
719 107
100 308
100 308
100 411
100 103
100 117
100 289
100 169
100 347
100 60
100 237
100 49
100 163
27 236
27 236
842 37
651 411
100 411
810 451
810 103
100 103
18 59
683 43
683 56
422 371
810 289
100 289
683 57
873 154
100 13
100 13
810 289
608 117
100 289
593 443
810 443
810 117
100 301
100 117
810 117
608 524
608 295
100 117
100 358
100 115
651 411
608 39
100 411
810 18
810 295
873 18
718 196
47 465
47 295
47 117
100 117
100 465
810 18
810 117
100 396
100 117
810 396
810 117
100 393
137 244
100 396
100 117
810 396
810 117
100 396
100 117
100 117
466 232
137 39
282 43
282 56
260 443
466 385
657 358
625 185
100 185
100 358
53 117
53 411
53 289
53 524
618 365
606 72
27 185
27 199
53 253
53 303
53 408
810 199
540 49
357 378
47 385
47 18
60 232
149 39
810 18
100 185
100 253
100 117
100 411
100 289
100 49
868 236
868 162
53 236
53 289
53 541
810 289
53 482
53 289
810 289
53 289
810 289
53 289
810 289
625 185
45 39
301 81
100 185
100 289
556 208
100 208
455 301
195 36
100 301
556 208
556 208
100 208
100 33
100 319
390 303
569 352
53 303
53 186
53 253
194 93
53 443
53 239
100 186
100 253
540 352
358 107
358 107
358 107
100 107
47 239
810 185
358 107
810 253
810 443
810 289
100 185
100 253
100 107
100 289
358 425
697 239
810 253
810 239
850 365
810 289
850 60
100 60
100 253
100 289
53 239
468 232
867 107
742 39
742 57
742 244
742 477
45 39
742 101
360 408
100 107
629 257
813 39
629 257
45 39
100 257
226 271
813 39
18 59
60 232
206 117
100 117
390 303
630 12
826 308
719 107
719 107
719 107
719 107
719 107
719 107
100 308
100 107
810 308
810 101
810 117
100 117
100 308
556 60
141 72
100 60
141 36
543 82
543 82
290 186
290 208
290 138
141 526
141 154
100 82
100 186
100 208
100 377
100 430
100 399
100 396
53 289
53 257
53 386
53 253
53 513
618 365
47 59
47 386
60 56
47 239
53 239
719 20
18 59
810 253
810 289
810 289
53 289
149 39
850 365
195 36
358 59
104 296
104 67
100 257
100 253
100 289
810 253
100 386
810 289
100 289
100 289
100 253
290 186
53 253
159 298
53 303
53 117
53 117
810 253
810 117
810 289
60 56
826 229
53 117
282 67
867 107
867 107
867 303
753 423
719 107
719 107
18 59
100 253
100 289
100 186
100 117
141 36
810 253
872 47
355 352
358 107
1 39
90 18
358 107
719 107
358 107
719 107
358 107
719 107
358 107
358 107
719 107
657 47
719 107
358 107
358 107
719 107
100 253
100 47
229 201
392 230
195 36
466 154
290 186
744 308
466 178
224 82
27 82
571 57
225 162
225 73
225 190
571 296
571 117
850 117
225 159
225 378
850 365
294 182
294 182
867 107
867 107
867 107
468 232
100 308
100 82
100 117
67 368
67 40
67 39
67 529
67 80
67 133
67 273
141 154
100 273
441 232
441 296
47 304
44 17
719 107
224 82
224 365
175 10
175 57
629 423
60 232
466 232
466 154
810 289
540 10
100 107
100 289
100 82
626 17
810 10
810 289
290 182
290 22
290 529
173 28
173 48
173 117
173 206
173 109
173 141
173 118
149 39
47 20
605 123
32 304
312 10
312 72
375 423
185 250
556 295
185 41
100 141
100 206
100 117
53 386
100 289
100 386
185 257
53 257
53 159
719 20
100 257
27 202
785 407
810 289
100 289
763 17
850 365
390 303
53 257
53 289
810 289
100 289
100 257
53 289
100 289
53 289
47 20
53 131
53 186
53 257
810 289
53 93
53 289
53 253
53 443
701 236
810 253
100 186
100 131
100 253
100 289
810 131
100 257
810 253
810 443
100 131
100 253
810 253
172 48
172 48
810 289
172 48
100 289
100 253
53 253
810 253
100 253
810 253
100 253
53 253
53 289
53 186
810 253
53 443
810 289
810 443
242 72
53 443
53 443
810 443
100 186
100 253
100 253
100 289
810 253
100 253
265 14
867 303
226 38
624 385
312 202
224 365
813 41
468 232
719 20
466 232
466 386
358 107
358 107
358 107
719 107
719 107
608 295
608 434
608 275
53 386
53 169
53 117
53 411
53 357
53 443
47 386
47 20
47 295
836 244
836 47
540 10
540 10
60 37
390 303
810 434
810 443
810 411
810 169
810 47
719 20
719 107
32 46
44 295
100 107
100 357
100 117
100 411
100 169
100 386
100 47
47 386
810 169
810 47
47 20
47 107
762 36
100 47
100 169
100 386
53 386
53 386
100 386
100 386
331 498
173 117
173 141
358 107
719 20
625 20
358 107
719 107
719 107
100 141
100 117
719 20
867 107
867 107
53 303
867 84
867 303
53 443
3 84
53 386
53 253
53 411
53 289
53 169
810 411
810 289
810 185
47 20
390 303
100 107
810 395
100 107
100 107
100 107
194 93
100 185
100 253
100 411
100 386
100 169
100 289
358 107
358 107
719 107
358 107
810 185
810 253
358 107
53 93
53 386
100 107
47 107
100 107
47 107
100 107
47 107
100 185
100 253
100 386
144 434
810 434
53 386
47 59
810 253
53 253
810 253
53 253
810 253
319 312
100 253
100 386
651 46
719 107
719 107
810 253
719 107
719 107
47 107
100 107
100 107
100 107
719 107
100 107
100 253
47 107
47 385
47 185
719 107
172 59
742 39
742 244
742 101
753 497
47 59
763 93
45 39
722 175
1 39
358 20
719 20
100 107
100 107
556 395
100 185
100 20
109 48
882 160
882 541
53 541
53 408
53 93
53 253
53 131
145 379
867 107
867 84
102 93
867 84
102 358
719 107
706 14
3 84
719 20
556 477
742 164
100 20
100 131
100 253
100 358
53 253
100 253
466 322
358 107
722 308
629 48
719 107
826 308
612 59
100 308
371 298
47 59
625 185
194 93
159 298
47 14
103 39
100 185
45 39
47 127
867 107
149 322
404 451
100 451
404 451
404 364
404 202
719 107
100 451
358 107
358 364
358 93
358 101
719 20
719 107
719 283
742 39
813 322
813 39
742 173
466 322
75 202
19 262
100 107
100 93
100 20
19 20
358 20
109 443
53 93
47 20
47 107
719 20
719 20
719 20
719 20
45 39
45 173
102 93
102 358
102 59
27 20
27 20
149 322
149 39
19 20
19 20
810 451
172 59
719 20
719 20
719 20
719 20
651 345
19 20
390 257
390 84
19 20
19 20
462 173
719 20
3 84
881 443
358 20
358 20
358 20
358 93
611 183
611 395
611 513
719 20
102 59
102 59
719 20
719 20
758 283
611 395
538 286
100 107
100 451
100 358
100 358
100 257
597 345
803 497
803 443
867 107
720 93
47 20
47 20
100 107
629 41
16 59
719 20
850 60
47 20
47 20
47 59
868 236
867 84
867 60
719 20
100 60
478 24
853 117
763 17
763 178
763 101
763 93
100 117
3 84
44 322
44 443
290 183
813 39
813 495
172 59
47 59
47 20
149 495
149 39
468 191
719 107
719 20
319 191
407 322
606 361
514 289
539 303
539 283
539 159
539 159
539 50
539 88
539 388
719 283
556 324
657 289
657 188
753 322
596 37
47 324
565 395
565 154
568 59
720 93
60 37
60 37
100 107
100 289
810 451
810 497
810 443
810 289
265 202
358 107
358 93
47 59
763 93
35 229
18 159
32 46
32 13
32 446
32 319
742 173
742 443
742 39
194 93
194 74
233 98
126 236
290 95
290 513
607 443
67 181
722 308
536 3
27 236
126 236
538 24
100 451
100 308
100 319
100 289
100 13
538 24
867 107
568 59
100 107
556 13
18 59
18 11
100 13
556 13
100 13
32 319
32 13
625 185
625 98
100 185
100 319
100 13
407 319
100 319
195 319
515 20
100 319
100 319
742 443
47 59
47 20
47 13
16 59
100 13
32 319
32 13
32 13
100 13
100 13
32 13
100 319
100 13
149 39
149 39
18 59
813 39
53 257
742 39
100 257
407 319
53 257
872 103
53 289
47 59
872 289
872 275
53 117
872 443
53 289
872 289
763 59
53 289
100 103
100 319
100 117
100 289
100 257
129 465
100 465
358 59
195 319
758 107
195 319
27 465
867 107
758 107
758 107
758 107
758 283
850 103
624 385
100 103
100 319
47 59
47 465
100 465
53 257
53 289
53 411
539 303
392 3
265 20
265 20
265 20
265 20
265 20
265 107
407 319
265 440
265 440
265 440
265 440
867 107
758 107
763 59
758 107
758 107
629 257
625 59
194 175
319 175
319 175
172 59
813 102
25 2
25 422
813 549
195 319
102 93
102 358
102 74
102 59
265 12
556 12
265 107
265 107
317 27
265 107
265 107
18 59
358 107
47 59
358 283
358 107
358 107
358 12
18 59
100 411
100 289
358 59
18 59
100 358
47 59
100 12
100 319
100 257
18 59
47 107
224 59
650 411
102 358
102 59
102 59
841 20
16 59
841 283
841 250
18 59
466 385
515 107
841 107
758 107
841 107
841 107
758 107
758 107
758 107
758 283
758 107
368 102
290 337
67 63
758 283
867 107
867 107
763 59
758 20
867 260
758 107
758 107
867 107
