381 333
724 491
688 32
332 7
349 218
566 208
360 225
271 469
26 529
44 529
124 31
420 226
26 529
420 226
44 529
381 529
657 194
657 498
17 103
534 22
180 7
566 218
180 194
349 218
419 104
420 41
90 301
630 20
748 94
325 428
374 41
44 20
401 194
381 41
148 281
148 498
381 333
465 355
23 7
148 7
68 194
68 122
399 383
496 89
607 152
68 89
206 48
607 415
399 381
44 8
566 122
148 294
742 443
748 530
748 514
742 164
201 3
748 36
58 482
290 529
761 36
742 92
761 313
450 73
761 530
381 530
564 151
589 391
564 151
450 32
17 94
17 94
54 26
534 75
17 239
17 12
688 253
54 26
58 237
724 218
17 137
17 62
571 43
571 237
609 159
565 529
603 391
565 529
565 237
290 529
565 104
534 194
100 491
100 47
718 513
180 194
29 7
718 32
100 137
100 308
100 391
534 7
100 35
100 35
100 169
100 273
100 273
100 141
100 32
100 289
99 109
724 491
223 93
703 426
146 529
704 218
132 364
223 19
47 81
719 26
176 104
281 96
176 208
100 491
752 358
323 185
100 185
752 3
176 444
67 529
361 63
67 489
323 185
404 470
67 333
67 208
25 482
25 7
323 295
707 36
567 153
67 47
298 482
67 353
67 355
67 30
287 325
287 325
323 319
316 7
287 392
67 313
67 238
287 358
287 358
287 358
401 345
287 93
630 345
194 93
194 93
44 7
626 373
312 238
630 20
526 93
625 364
103 336
625 237
103 39
103 39
625 20
625 239
625 347
67 237
600 110
67 239
67 347
141 72
67 335
745 364
625 239
67 197
132 364
625 237
625 364
132 364
67 237
44 529
67 239
625 239
67 529
704 185
67 239
100 47
44 529
100 333
704 237
100 208
100 185
704 185
625 185
100 185
625 185
100 237
100 185
100 185
100 347
438 408
273 206
100 206
100 435
17 239
60 232
362 355
351 3
351 29
704 237
349 218
591 240
591 57
87 325
404 335
173 48
422 81
90 291
404 12
404 125
404 125
701 345
701 294
766 534
540 362
540 362
766 76
4 7
4 36
172 48
766 438
282 169
613 459
47 81
3 291
3 62
175 18
197 313
311 10
290 513
290 335
290 529
42 64
42 350
42 235
570 208
540 10
694 131
285 260
220 10
694 308
184 98
694 46
694 352
220 28
220 28
570 260
694 169
45 216
570 197
185 353
570 340
570 41
694 62
694 301
185 232
570 367
529 239
185 41
752 226
185 41
185 70
185 58
570 196
764 2
185 49
37 113
185 291
752 313
185 181
110 32
277 14
538 294
570 462
770 131
110 74
25 2
752 131
25 7
168 235
746 318
770 226
362 3
168 350
570 475
718 513
54 26
67 529
168 34
68 122
68 194
268 298
168 526
100 308
374 41
589 12
600 335
44 529
761 313
18 76
18 2
701 294
358 12
602 110
206 48
206 110
208 28
220 28
540 352
206 364
195 319
465 513
465 505
465 511
195 169
195 10
462 194
73 29
462 63
462 16
103 39
630 110
394 16
295 92
275 347
724 81
275 13
290 335
465 13
275 207
404 131
404 335
282 169
625 185
368 74
566 122
566 10
625 347
100 185
394 236
625 364
282 49
6 236
465 128
282 250
736 75
625 237
287 325
67 335
169 75
287 93
67 226
169 75
67 47
100 367
67 347
67 13
625 374
67 313
420 41
67 237
67 353
102 93
617 298
67 355
420 226
67 63
736 75
701 236
736 75
530 92
100 347
625 75
176 338
625 347
17 46
17 239
625 239
634 94
17 12
100 47
634 41
447 524
634 373
634 298
625 362
447 518
447 75
100 350
332 92
447 291
105 125
105 12
719 475
105 362
447 82
422 58
688 185
496 89
422 250
688 367
408 12
407 319
688 513
362 355
408 173
282 57
351 29
367 13
362 29
351 29
362 29
299 534
52 173
52 405
52 39
760 121
567 18
325 353
603 335
718 513
325 113
671 76
401 345
323 319
323 125
455 301
455 194
534 194
323 12
491 311
194 74
194 185
534 75
539 372
194 93
290 237
95 493
142 12
724 89
128 125
724 218
772 251
343 120
343 120
724 41
343 438
724 335
724 96
724 32
95 31
724 32
556 12
95 10
724 237
730 18
428 395
752 226
724 35
724 475
3 120
3 438
752 32
752 206
752 242
752 511
752 505
724 107
526 93
718 32
184 75
773 436
23 36
185 353
99 415
185 291
23 82
185 41
407 319
185 41
192 367
618 103
618 289
625 75
625 237
462 63
105 12
625 121
285 168
704 28
30 12
285 483
285 483
285 483
509 408
44 12
44 12
102 93
102 93
102 91
389 10
389 29
330 75
704 237
389 153
389 306
73 29
102 358
173 10
102 358
422 17
206 110
102 59
300 10
309 121
536 294
102 59
235 181
374 41
206 364
389 485
389 126
389 516
389 67
389 487
389 291
389 486
112 41
389 379
389 379
389 345
401 486
389 364
75 11
626 298
536 533
389 367
536 438
282 67
282 55
282 328
137 336
346 438
625 163
562 493
562 493
536 438
536 294
182 533
567 18
182 533
112 55
325 353
422 328
422 316
510 252
381 252
344 50
404 335
175 41
175 18
175 252
422 49
194 93
194 93
395 29
191 91
652 358
540 362
540 49
711 291
540 10
701 345
711 16
323 16
323 12
349 242
294 137
510 252
231 333
724 41
725 41
630 477
510 252
724 91
724 91
510 252
724 41
44 91
724 168
724 32
724 91
37 113
728 298
725 41
109 48
728 19
776 86
195 319
336 237
753 32
753 121
36 94
30 12
100 82
744 252
744 121
44 12
766 534
243 395
742 57
742 364
100 137
100 91
100 32
100 35
404 16
404 364
778 194
462 16
404 12
677 405
404 16
677 76
677 369
407 319
381 76
404 451
381 252
664 76
404 492
284 64
761 91
60 240
206 252
761 526
401 345
630 16
718 32
206 48
380 93
630 12
718 59
87 358
465 355
381 252
465 13
465 13
275 59
100 206
275 137
657 194
657 75
231 32
420 226
325 113
420 121
275 18
231 55
424 444
688 91
688 185
194 91
625 362
452 71
242 355
194 86
452 376
275 194
87 492
452 181
777 32
194 93
381 91
625 364
452 43
565 379
664 18
568 338
572 65
452 383
102 358
100 185
100 137
441 10
452 118
100 289
200 153
172 118
441 169
172 48
172 48
172 28
172 72
381 78
172 59
173 340
534 43
275 185
536 533
173 28
452 288
652 358
173 19
173 141
282 169
724 41
173 48
173 206
282 49
724 32
724 237
282 328
618 94
441 169
540 49
275 237
87 358
282 169
87 185
282 49
112 72
282 57
4 32
358 59
540 49
287 358
540 49
287 358
287 107
287 20
287 19
18 76
18 72
99 237
235 181
18 11
87 358
18 48
338 198
381 76
18 59
87 358
338 168
338 96
18 76
275 237
381 76
125 71
125 288
99 237
105 102
349 218
206 28
206 28
75 11
206 48
75 11
18 11
18 48
752 226
396 356
401 20
752 242
282 49
11 103
777 32
436 19
777 32
104 67
688 32
104 67
565 31
688 185
501 76
688 253
173 28
173 48
777 73
540 49
332 415
251 356
333 169
408 415
718 59
718 59
191 356
185 41
67 39
67 47
67 333
185 291
596 316
652 358
60 43
185 353
67 55
596 316
185 181
67 13
185 49
596 242
67 239
60 55
619 186
408 275
287 358
60 49
100 185
287 358
287 358
596 110
17 94
287 358
87 93
287 93
371 298
657 369
777 195
167 265
87 358
87 358
777 93
87 93
100 47
362 29
87 358
342 163
175 18
730 477
730 10
450 73
231 338
450 32
730 151
195 163
349 242
730 151
275 59
730 30
422 328
422 316
134 113
52 39
172 72
52 405
275 185
52 239
172 59
556 194
464 356
172 48
556 76
607 415
652 358
52 452
172 28
172 482
556 16
455 193
52 431
87 358
586 456
137 39
718 59
556 12
718 32
112 72
556 13
372 96
372 141
781 67
374 109
540 10
742 39
571 96
374 438
503 22
287 358
343 109
287 358
17 446
287 358
636 133
311 3
311 15
311 75
343 141
311 59
6 524
311 352
287 93
343 18
287 13
287 60
565 338
287 59
477 389
100 185
100 60
536 3
100 237
597 376
100 333
23 482
597 345
745 107
597 125
100 82
705 483
612 288
745 364
99 237
75 11
473 36
23 82
23 36
230 151
350 16
473 36
745 358
688 446
745 358
745 291
745 20
282 49
195 352
500 501
767 163
195 36
373 278
330 238
373 276
767 477
616 10
287 358
422 49
87 358
287 358
287 358
195 288
373 214
87 358
373 274
774 13
176 338
373 208
325 353
373 412
329 141
781 58
87 185
325 78
373 15
600 345
781 532
373 491
192 16
373 491
364 431
373 102
182 532
373 399
373 109
540 352
566 75
373 131
373 78
540 49
373 387
225 73
373 388
540 10
612 345
373 323
612 288
325 78
285 127
593 452
225 91
528 337
419 338
728 526
349 22
473 36
562 356
540 59
562 12
299 195
645 92
299 534
526 391
287 358
225 22
748 530
54 13
526 387
748 72
67 208
54 291
67 431
745 245
182 265
67 47
724 96
67 412
724 168
624 385
702 134
68 253
724 237
538 251
194 185
724 91
741 76
330 75
761 313
677 405
44 102
538 294
538 447
184 245
624 2
223 19
564 299
97 134
349 22
349 22
300 10
784 25
300 19
785 520
164 356
705 274
164 288
67 333
705 81
67 60
705 218
589 387
349 218
705 163
783 73
194 93
67 338
704 28
176 208
783 464
67 313
67 273
176 338
153 266
704 92
67 208
705 218
125 462
570 163
570 462
540 10
517 104
241 7
67 338
783 135
589 12
73 12
705 132
125 288
652 358
705 419
570 367
783 175
287 358
787 228
450 91
102 93
652 358
671 76
671 76
422 81
787 91
707 71
447 86
287 358
102 358
625 185
447 273
570 393
287 358
102 358
287 358
787 10
287 358
287 358
447 273
625 239
102 358
287 358
287 358
102 358
287 358
625 75
102 358
447 75
287 358
102 91
287 358
102 91
102 59
625 163
102 358
233 293
625 237
315 72
208 215
447 192
447 524
287 358
452 376
281 168
281 96
157 493
157 493
26 523
138 7
138 2
26 17
138 482
26 192
124 31
618 94
399 383
124 55
109 245
97 251
97 251
97 251
97 251
97 251
556 16
556 520
556 60
556 13
556 82
704 245
704 251
97 251
438 19
87 358
596 121
23 91
192 367
465 501
104 67
351 29
351 3
195 36
4 73
4 393
195 163
451 72
718 192
195 319
652 358
652 358
623 58
742 412
570 393
623 196
242 72
742 364
742 92
570 443
597 192
742 443
570 163
570 153
18 2
570 499
18 59
375 122
650 308
650 62
60 55
18 59
18 11
18 48
629 381
67 412
701 345
629 423
629 67
629 294
629 198
441 423
3 291
629 381
629 423
782 295
782 295
622 364
782 115
54 291
441 10
622 356
441 169
540 96
789 303
441 169
651 94
404 163
404 278
441 169
441 169
441 96
724 218
742 412
724 96
724 168
742 364
724 245
724 91
6 524
311 3
102 358
164 333
102 91
282 169
282 215
300 73
619 208
102 59
300 73
300 10
47 59
323 82
323 278
323 185
323 107
132 364
596 5
758 252
349 218
135 25
270 53
536 3
282 55
135 202
540 96
67 412
540 362
67 150
466 101
608 275
466 387
268 10
276 20
189 86
466 375
17 446
276 125
347 75
466 54
311 75
13 3
399 381
176 56
196 347
622 364
466 386
466 178
325 54
776 86
98 245
98 59
466 245
466 245
625 185
466 54
422 17
625 20
466 322
4 196
625 121
227 19
206 252
194 93
194 86
105 102
325 54
688 446
105 362
688 375
466 375
44 322
195 107
466 322
112 72
18 48
636 208
790 20
408 275
748 313
408 415
711 436
790 239
389 486
711 526
790 155
389 29
790 109
389 412
790 411
711 4
790 16
766 464
389 82
540 59
331 75
331 362
23 91
157 118
540 362
745 245
47 5
331 498
27 322
47 59
466 322
27 92
331 497
331 202
636 10
331 194
277 196
277 393
331 10
59 72
249 196
277 19
732 8
249 8
790 101
195 82
422 371
17 94
782 401
651 94
651 62
407 113
651 62
694 218
694 131
651 131
694 301
651 301
650 411
650 308
694 131
650 62
651 62
651 131
287 358
694 308
225 150
694 46
225 273
287 93
694 411
651 46
650 308
694 352
650 62
452 497
694 308
694 308
651 411
651 308
650 411
694 46
651 411
651 352
694 411
678 186
54 82
694 352
650 55
651 62
724 218
389 10
650 411
651 352
694 169
688 301
540 137
724 107
694 62
389 387
694 218
540 19
724 8
694 301
694 411
540 352
694 352
650 46
694 352
651 411
441 169
694 46
540 59
694 46
389 386
581 85
651 46
540 265
650 352
694 411
651 352
540 352
290 186
650 411
694 46
650 352
650 352
694 411
540 352
651 411
651 352
694 352
441 59
650 62
694 411
650 352
611 192
694 169
195 82
694 352
650 352
540 352
3 371
540 352
694 62
651 352
694 352
650 46
3 291
540 59
651 62
650 352
694 46
694 352
466 301
651 46
694 62
724 245
540 352
651 352
650 79
694 301
651 62
650 352
694 352
694 352
651 352
694 62
433 201
650 352
694 352
433 103
540 352
44 8
650 352
694 352
540 352
433 117
433 3
346 438
650 362
100 491
100 399
325 62
736 8
346 387
540 362
325 113
650 81
694 362
346 166
346 95
650 62
510 252
510 252
346 365
466 387
651 62
346 365
694 62
650 46
650 62
441 362
651 362
441 56
650 362
290 252
694 362
650 362
346 117
540 362
650 362
651 362
694 362
3 117
540 49
30 12
540 362
589 12
332 92
332 85
618 94
618 94
374 14
374 20
374 529
374 109
374 438
357 378
790 137
208 118
208 215
441 378
242 73
441 296
182 265
718 196
182 533
447 86
182 533
596 37
777 73
447 192
176 37
447 291
390 419
18 59
70 79
184 85
70 79
422 49
422 371
540 59
718 192
3 371
3 291
3 529
3 438
407 113
54 82
220 82
195 82
556 201
180 202
779 43
54 291
180 175
422 371
779 248
282 169
282 43
282 215
779 443
779 6
679 483
782 195
779 128
16 82
779 495
229 62
679 8
3 371
779 199
16 82
52 431
52 452
44 495
779 392
52 405
195 82
779 17
779 341
777 239
321 201
30 17
422 371
30 17
701 201
455 301
37 113
455 467
321 457
200 196
175 252
175 43
381 364
381 252
381 389
95 493
785 407
357 378
464 356
277 14
332 85
704 245
374 14
415 59
761 192
761 313
761 273
353 70
112 72
204 131
32 46
132 201
132 364
346 438
381 364
346 438
32 46
184 85
295 194
32 304
604 356
32 446
132 364
572 44
197 227
32 46
18 446
374 438
607 415
607 415
607 415
607 415
194 93
752 456
325 62
194 74
752 13
194 392
194 193
325 113
349 218
392 3
325 43
399 193
688 446
194 193
470 443
688 443
470 17
176 208
176 72
102 93
102 59
597 362
102 260
396 178
250 227
18 59
129 419
18 446
593 452
658 303
658 303
658 107
658 107
407 113
105 362
658 444
658 444
658 253
625 364
658 253
658 388
658 388
744 91
625 489
744 137
658 87
658 87
658 58
658 509
724 218
32 446
17 385
744 8
17 385
17 385
17 94
596 37
17 446
325 113
634 73
197 509
634 94
634 298
17 46
17 94
17 103
17 62
17 12
17 12
503 281
17 12
399 193
325 62
664 137
323 107
32 446
17 46
32 446
32 46
273 30
795 482
433 201
407 113
718 59
433 117
433 3
325 113
437 151
718 192
102 91
123 123
102 59
123 221
123 16
102 82
200 215
29 322
102 325
572 227
374 20
650 43
651 94
52 452
102 325
102 366
651 46
268 298
32 46
451 72
275 137
593 452
651 46
593 295
17 46
268 19
17 94
718 59
32 46
349 218
268 465
651 94
268 132
593 76
758 252
464 356
650 79
268 308
100 82
779 43
779 57
464 356
374 20
650 43
577 214
462 16
100 82
83 49
70 79
83 126
100 82
124 308
100 465
466 43
651 68
18 76
371 10
650 43
18 87
18 46
67 489
67 208
18 305
67 121
67 465
195 20
779 43
229 62
100 333
100 131
100 185
100 87
100 308
385 109
473 82
102 59
777 295
447 291
651 82
374 20
102 82
54 385
651 82
783 423
102 358
593 76
54 82
54 82
594 266
651 82
447 82
593 191
650 43
358 364
275 13
44 443
358 195
346 109
718 266
650 79
346 438
18 76
378 378
651 345
17 46
290 333
346 117
650 46
411 328
282 215
290 252
290 304
29 7
18 46
195 82
378 367
17 46
378 367
441 457
4 291
441 169
378 223
596 16
741 59
378 223
18 59
417 11
441 378
87 358
651 331
38 291
724 218
407 113
651 218
441 218
38 46
441 218
376 36
192 123
3 371
325 62
3 438
325 57
651 365
596 317
325 43
422 328
325 113
422 371
740 135
438 74
704 218
87 93
779 43
704 43
207 82
651 218
740 151
195 82
740 10
779 291
779 352
779 362
87 352
779 43
195 82
740 186
195 82
339 52
447 291
447 291
779 352
779 423
350 141
229 62
607 443
779 57
325 43
740 13
87 352
779 178
325 62
54 117
779 352
197 227
779 43
779 43
740 194
779 252
779 208
325 43
322 411
779 17
724 218
243 340
779 43
173 48
100 82
325 43
282 57
441 423
309 121
441 218
779 43
132 201
779 423
592 489
718 59
718 16
132 408
132 44
799 407
736 75
207 131
794 383
99 109
207 153
207 153
195 82
794 383
787 313
99 185
207 446
381 408
785 407
17 446
17 446
796 32
796 10
796 228
52 452
796 252
32 304
381 252
67 513
796 196
787 228
688 513
787 10
67 489
571 457
343 109
231 73
67 43
231 32
787 207
571 296
325 57
67 186
677 340
325 43
67 186
787 419
742 101
570 393
67 131
466 101
343 131
67 443
67 131
325 13
742 443
742 364
625 185
67 345
67 313
67 191
625 16
625 191
290 513
570 260
570 303
290 304
197 228
593 191
787 228
90 70
90 70
116 34
787 228
290 251
625 489
625 121
625 191
607 443
771 76
343 62
316 193
718 32
593 191
800 190
718 513
718 281
410 135
718 281
75 205
740 122
375 266
375 122
566 194
625 364
625 364
566 122
512 17
800 387
800 234
800 234
124 75
59 131
688 32
343 313
75 94
176 444
45 489
718 16
630 36
176 37
405 526
176 75
800 355
59 154
405 421
343 387
124 32
405 243
124 58
343 141
124 75
405 243
567 153
455 75
311 75
534 8
221 358
534 194
724 218
160 454
566 202
482 195
566 218
724 8
44 17
482 17
132 364
450 32
482 289
132 408
628 101
482 245
17 94
17 289
482 152
194 93
482 379
26 192
482 101
194 74
482 289
194 193
26 457
194 383
618 103
105 17
797 228
26 266
618 94
105 195
718 32
718 266
23 91
157 493
17 94
287 358
630 195
325 289
349 8
287 358
349 218
287 325
287 325
543 374
225 378
225 151
543 374
297 396
225 14
17 94
466 101
466 387
20 208
349 151
164 356
164 234
543 139
20 263
543 315
124 75
17 58
124 58
17 289
325 289
124 13
404 107
497 160
543 462
404 131
759 121
132 364
703 215
455 193
100 82
100 465
703 87
404 16
404 278
17 289
466 185
44 234
100 411
100 185
404 125
100 47
100 141
582 374
466 185
17 13
582 218
17 58
582 98
652 358
17 62
582 86
582 86
206 252
703 194
206 131
100 185
744 252
744 8
158 2
570 462
206 13
570 196
297 51
60 37
368 74
183 444
619 104
538 251
625 364
625 374
625 163
207 131
350 141
205 43
44 102
596 16
596 37
104 296
349 218
195 82
195 82
18 59
18 76
18 87
18 75
18 13
493 13
408 415
18 446
408 387
195 387
408 169
47 304
200 196
200 215
47 59
718 59
192 16
87 93
3 117
282 169
3 371
87 325
99 17
333 67
589 387
325 472
18 59
701 345
73 152
589 391
718 335
197 228
465 13
465 132
756 378
465 355
465 513
756 367
565 465
565 104
441 423
329 151
441 296
756 492
501 252
630 345
340 13
679 48
756 480
441 218
208 215
441 296
441 378
441 457
323 125
164 289
493 13
422 371
290 513
357 378
718 513
26 373
441 378
110 18
332 152
110 60
321 457
110 74
651 345
434 20
434 20
357 378
357 25
434 36
100 82
434 109
100 373
441 378
195 82
494 63
362 355
438 392
578 379
38 82
251 356
543 82
473 36
26 114
473 82
543 374
26 396
782 87
782 12
611 345
195 36
125 273
630 20
473 36
323 8
47 5
195 20
195 36
543 82
543 87
545 133
195 82
779 43
779 423
543 82
779 392
100 465
431 391
706 195
543 82
195 82
357 378
159 298
465 513
17 446
3 371
129 465
129 133
317 24
275 13
407 113
18 446
18 200
559 152
325 113
796 32
796 228
436 19
796 196
390 419
771 76
779 313
268 298
194 74
534 133
268 132
194 93
534 8
54 13
478 24
268 251
543 82
176 104
543 82
105 195
105 289
538 475
650 411
408 295
207 446
650 169
408 102
608 441
408 169
282 67
786 75
191 91
102 260
191 17
102 59
521 24
521 21
17 446
17 446
424 12
376 36
376 82
304 501
35 375
720 13
349 8
349 218
304 312
304 289
47 59
436 22
47 82
332 85
437 135
285 278
229 62
285 276
285 276
208 87
124 75
206 252
297 19
285 218
285 127
720 500
285 127
720 360
322 411
319 175
322 91
319 75
149 322
149 495
582 51
582 251
582 37
736 8
197 313
184 21
184 21
164 333
630 195
625 75
32 446
32 446
753 151
608 233
753 245
287 358
407 113
407 82
407 73
313 24
346 438
75 94
60 37
441 378
195 82
385 109
173 117
173 114
17 289
173 109
173 10
562 12
173 141
626 13
562 387
173 118
173 118
173 28
173 3
794 383
166 131
441 296
166 445
441 296
408 387
166 74
290 333
803 345
290 313
166 206
195 387
103 39
603 391
103 102
343 109
704 378
290 135
618 289
125 107
166 353
242 355
194 383
194 74
166 74
232 8
18 75
385 109
18 446
779 495
175 97
537 291
175 135
570 260
648 273
742 101
742 39
175 43
357 378
172 118
172 118
616 107
277 19
185 353
803 52
804 269
406 526
422 371
651 345
596 37
803 345
736 75
208 446
464 356
464 356
17 446
629 67
125 465
17 446
17 446
208 118
73 152
724 8
93 313
17 446
17 446
17 446
17 446
191 387
16 59
18 59
17 446
325 353
373 15
18 48
650 411
373 102
373 102
694 62
799 407
694 218
242 354
4 530
482 195
694 301
482 245
54 407
694 308
231 32
482 289
482 379
217 73
482 17
694 46
799 407
482 12
758 252
694 411
482 20
694 169
694 352
629 354
629 354
716 325
716 397
738 322
802 169
105 20
105 152
105 17
495 206
26 114
99 17
329 141
18 46
629 483
629 48
803 483
629 483
452 383
452 118
401 345
738 202
172 118
172 48
172 48
597 206
568 12
290 313
194 74
466 387
83 19
410 3
629 48
629 48
268 238
317 24
317 75
191 387
466 387
718 59
404 107
738 85
404 492
738 481
510 11
404 20
404 8
404 16
510 252
404 75
404 163
381 252
510 252
90 301
466 301
381 252
795 237
718 237
536 3
688 32
718 32
742 244
761 530
718 192
718 192
688 196
32 446
779 43
346 141
779 17
100 82
100 82
350 151
718 196
54 407
761 526
32 62
325 113
104 296
104 67
55 13
688 446
725 169
102 59
325 62
374 308
87 492
17 46
294 137
87 352
32 46
803 345
87 325
233 3
233 10
87 329
233 83
233 234
17 62
229 435
756 378
325 62
624 385
652 358
4 73
580 163
624 385
18 11
17 385
441 296
688 196
17 385
597 169
26 192
199 25
242 354
534 8
479 243
624 2
234 11
624 160
336 315
336 3
191 387
407 113
32 62
758 252
571 296
802 169
594 266
343 141
756 378
128 206
536 237
666 273
761 273
3 117
3 371
473 82
3 438
44 8
802 131
666 81
44 322
44 152
777 73
44 12
488 135
441 378
802 117
278 81
99 117
172 48
777 67
650 475
802 295
802 443
628 12
629 354
628 295
629 67
58 237
802 87
629 56
802 117
802 12
629 121
802 475
473 82
719 475
102 93
718 65
652 12
802 208
650 62
102 325
195 20
802 159
195 82
725 117
349 8
349 151
102 82
349 131
191 93
102 93
195 82
102 82
191 93
102 74
802 475
650 94
16 82
102 93
133 378
102 82
650 46
133 19
194 93
16 82
231 196
102 93
206 13
534 13
206 59
206 13
44 20
194 93
133 93
195 20
206 20
23 82
447 273
719 89
221 325
422 81
719 193
194 74
75 94
777 131
102 74
777 295
777 12
629 483
777 74
102 74
343 313
725 237
191 193
343 62
191 93
628 12
172 59
24 410
534 208
534 43
534 186
534 22
534 423
703 186
16 82
24 281
16 59
534 37
788 444
16 364
16 8
16 12
534 8
347 75
534 75
407 322
407 82
346 438
346 62
16 82
346 109
346 141
346 141
26 107
346 387
346 387
346 117
346 117
26 107
346 117
346 117
346 117
346 117
346 117
54 13
16 291
16 13
346 117
3 117
346 117
3 438
124 75
607 20
3 117
124 385
346 117
16 205
346 117
3 117
206 59
374 109
374 438
168 13
168 13
455 301
774 329
718 65
412 37
17 46
17 94
719 193
235 22
235 37
282 169
349 8
785 526
801 265
785 483
571 117
17 472
455 193
742 152
543 87
543 315
543 75
227 25
543 82
325 472
543 82
543 462
543 139
325 94
543 86
543 98
630 345
625 364
202 329
419 329
206 364
419 135
185 291
185 353
225 160
225 73
325 353
225 131
225 378
225 20
225 58
225 58
225 273
225 265
225 237
225 91
68 13
68 75
600 345
124 58
678 133
678 186
646 360
496 89
478 24
200 215
87 325
534 37
779 352
624 385
172 59
102 59
436 22
436 208
54 82
17 94
632 118
632 22
346 438
346 109
346 120
346 28
346 420
346 167
206 20
346 365
779 252
660 410
660 396
629 483
806 194
806 194
779 12
781 67
781 67
781 304
629 67
629 67
441 378
779 169
441 265
195 82
3 365
441 169
3 167
462 173
195 20
3 291
349 218
3 120
3 438
441 218
441 218
99 117
441 423
779 8
105 152
779 443
570 51
570 51
570 163
325 94
297 396
297 51
297 354
268 308
474 13
349 8
349 218
704 378
732 2
704 20
338 30
704 114
704 281
704 206
389 153
704 62
67 39
701 345
67 333
389 364
67 173
67 8
44 8
67 133
184 537
138 2
608 173
28 60
608 373
67 186
67 13
194 93
175 22
799 129
3 62
125 272
462 173
462 8
44 8
338 381
102 93
407 82
343 387
718 537
650 46
194 93
100 435
290 333
100 82
67 333
17 94
17 46
67 333
17 62
17 82
16 82
67 173
736 22
736 8
462 173
637 426
637 14
462 8
537 90
637 68
637 35
537 202
350 141
630 195
441 218
350 46
537 355
534 22
290 333
650 81
501 13
19 164
650 345
650 94
803 345
803 483
658 88
694 62
694 218
694 131
597 423
694 301
694 308
694 46
694 352
650 46
694 169
694 169
694 46
803 199
777 131
694 131
325 94
408 152
464 356
408 169
650 169
323 8
660 396
694 475
724 237
268 298
25 441
650 475
724 8
694 475
724 81
724 218
724 218
464 356
660 291
650 475
4 291
225 378
597 169
225 58
225 118
225 118
225 237
797 80
225 13
630 152
630 477
17 46
17 46
87 93
17 94
17 58
17 62
87 329
17 46
145 88
381 252
17 46
17 46
83 19
362 355
362 355
753 151
362 443
468 24
277 91
465 355
703 68
703 14
703 36
761 90
797 15
686 25
537 90
537 355
281 37
462 8
252 360
252 10
648 194
797 421
277 54
275 137
277 14
275 237
194 93
537 291
297 396
18 13
282 67
537 313
617 129
184 65
679 483
679 81
362 355
349 22
325 13
349 218
349 218
799 129
58 107
235 75
725 237
100 82
100 131
75 11
100 308
184 423
736 22
73 152
768 194
596 107
301 420
441 218
625 364
441 378
625 163
441 457
455 301
18 11
18 13
441 457
447 86
630 152
347 237
441 457
67 273
67 465
67 305
67 379
67 353
67 60
603 269
67 13
67 103
67 335
67 443
67 537
67 368
125 117
67 423
67 313
725 335
761 90
67 151
129 465
129 133
733 354
129 419
176 37
537 90
761 90
537 90
791 13
282 97
761 90
537 90
537 90
282 97
32 46
321 457
625 362
195 82
803 354
803 354
761 90
32 46
537 90
321 86
32 62
537 362
761 90
537 313
537 90
537 90
761 90
362 489
195 163
537 202
195 24
290 304
32 304
26 107
124 58
797 86
441 457
321 457
321 457
441 169
441 457
175 22
175 97
125 465
242 355
242 354
362 355
282 97
17 46
242 355
802 228
728 13
728 13
362 355
7 24
323 8
351 75
325 13
706 43
724 131
724 89
724 245
208 215
208 118
389 387
206 90
389 379
206 103
688 475
206 364
206 117
164 356
381 103
206 103
381 103
206 103
761 90
413 531
242 355
197 228
385 109
381 103
781 67
781 304
803 251
537 90
197 228
343 109
197 342
47 304
608 276
608 87
385 109
608 477
524 167
470 443
470 443
650 62
325 62
625 364
625 185
282 169
87 93
650 46
758 252
758 13
650 94
650 218
567 13
650 376
325 13
100 82
724 174
73 152
597 376
764 18
105 152
764 100
592 489
764 2
764 8
764 13
624 2
349 8
349 218
536 10
536 237
744 91
450 73
99 185
450 14
450 91
129 465
129 465
300 73
26 10
719 475
381 364
124 465
657 194
16 364
16 60
719 89
16 8
617 298
732 2
688 91
17 46
194 93
17 94
191 193
191 193
173 3
173 174
173 28
60 37
173 118
173 48
73 91
173 117
604 53
630 152
173 114
173 206
173 109
60 37
173 10
117 31
173 141
719 193
117 117
719 48
73 152
145 32
441 169
145 32
145 51
787 419
787 10
787 313
26 114
787 117
787 228
718 32
787 91
787 355
779 352
206 90
206 87
100 141
440 81
99 117
703 51
534 133
488 135
534 37
231 32
678 186
462 173
103 39
596 37
455 193
67 173
67 489
67 223
67 60
67 13
67 202
67 174
67 199
67 276
67 131
67 139
67 513
142 10
54 13
565 537
54 82
54 385
54 26
803 199
660 291
660 370
632 118
632 118
632 118
632 118
753 32
632 118
172 118
753 151
632 22
285 276
465 513
150 30
492 304
492 304
52 173
607 152
607 443
173 118
173 48
385 141
173 114
173 141
173 10
52 405
175 371
175 43
570 197
175 97
175 41
175 18
175 57
175 281
677 86
60 37
54 13
60 223
60 55
422 370
437 135
197 313
593 91
71 22
282 97
730 141
45 489
47 304
170 281
210 83
452 43
208 118
170 238
170 93
452 118
170 194
170 3
182 2
60 37
170 42
170 488
543 87
170 22
182 151
170 15
60 43
170 390
170 201
170 25
170 38
170 69
170 8
170 10
170 501
170 265
170 75
170 243
170 53
170 89
437 151
170 12
170 324
506 208
576 444
576 444
576 444
752 131
32 62
636 98
781 304
580 163
576 435
137 39
137 244
625 317
44 317
534 37
137 102
308 329
102 91
538 251
538 251
385 141
630 317
60 37
282 43
277 281
534 37
625 317
73 152
381 252
756 378
95 19
618 365
742 443
742 244
618 94
447 86
809 59
742 364
618 103
742 39
343 109
17 94
343 141
191 193
194 86
670 24
191 86
343 365
463 364
343 28
343 313
346 438
346 365
346 120
319 128
346 387
346 387
346 167
346 117
319 182
346 109
319 132
319 164
346 141
319 16
346 420
319 191
346 62
319 201
346 62
319 82
319 194
319 312
191 387
26 114
624 385
145 51
624 2
437 526
437 123
572 65
572 342
701 201
437 283
437 211
374 109
437 93
437 531
45 39
18 59
18 13
630 152
630 477
811 81
802 82
145 123
75 59
349 8
349 151
145 32
803 483
593 115
93 313
385 109
797 86
172 118
223 90
650 94
223 87
54 13
650 46
206 13
537 90
537 90
537 202
703 51
301 420
537 291
537 355
537 443
703 51
207 28
18 59
60 37
632 22
250 227
501 16
206 28
362 355
319 16
99 109
600 152
30 12
73 152
3 117
3 365
3 167
3 120
3 438
3 62
100 435
603 531
132 408
466 387
385 109
810 434
810 498
810 42
810 497
466 387
810 35
30 152
30 152
810 253
810 239
810 512
628 164
194 93
73 152
630 152
809 15
630 152
809 15
30 152
809 59
657 139
596 317
17 94
102 59
73 152
332 152
343 109
343 141
416 199
99 109
742 39
446 76
290 186
582 269
582 374
124 7
441 191
145 51
742 443
498 135
742 364
742 152
441 59
498 118
779 291
25 7
333 67
333 169
285 532
234 11
285 411
285 400
234 436
357 378
357 378
797 228
441 378
650 345
99 528
290 528
290 528
677 405
290 304
404 107
404 107
404 194
650 345
465 35
650 169
404 163
650 443
404 60
720 213
534 37
137 244
105 152
105 12
105 102
390 84
290 313
703 186
596 16
630 152
787 317
67 65
787 355
701 345
534 37
626 373
626 218
73 152
626 291
626 103
626 298
600 152
626 252
565 497
637 443
704 465
704 378
768 128
763 17
26 107
71 22
704 435
26 440
763 493
26 373
704 273
73 152
784 6
73 35
60 37
9 93
9 19
704 371
630 152
207 446
207 28
596 110
422 371
173 28
173 114
173 48
208 28
208 446
721 530
138 7
192 12
47 304
206 110
206 28
580 211
580 251
329 141
803 345
803 345
803 443
220 28
220 19
195 163
380 167
100 435
3 84
3 371
323 12
175 371
323 185
390 419
510 11
207 118
207 118
600 152
600 335
73 345
65 115
73 345
117 123
343 117
18 59
589 12
18 76
632 22
404 107
632 532
632 312
194 93
632 257
4 91
632 446
768 22
701 345
632 78
520 243
632 128
632 294
632 105
195 78
26 107
26 107
195 107
195 107
331 497
26 107
26 283
157 76
385 109
26 107
803 497
632 87
194 91
192 123
632 78
728 298
166 133
18 446
422 371
464 356
679 379
333 97
464 356
703 185
464 356
25 7
650 345
464 281
650 345
650 345
464 506
804 269
803 345
464 193
374 109
99 109
330 248
385 109
73 345
384 408
68 89
603 335
603 269
195 78
100 333
650 345
100 131
100 373
336 201
282 97
27 55
173 28
173 28
514 498
514 498
606 237
146 281
332 477
185 41
185 353
67 506
323 185
67 133
268 298
268 298
537 291
537 355
268 19
44 17
268 308
381 408
719 89
3 117
105 17
671 59
99 109
536 294
99 17
99 17
385 109
718 16
432 135
432 326
465 128
730 141
432 325
629 67
629 483
462 16
632 78
632 128
625 185
183 49
132 408
67 537
608 477
67 465
67 276
27 237
27 20
221 325
67 7
67 202
73 345
38 283
608 373
371 298
718 537
128 122
242 355
173 117
787 91
787 355
73 91
184 537
343 109
343 28
343 313
343 237
342 163
342 84
342 49
603 49
298 531
809 59
607 20
231 32
607 20
603 531
164 333
164 35
385 109
164 208
195 78
172 28
195 20
172 48
268 93
632 78
362 355
593 90
602 110
703 49
164 293
122 17
600 335
122 17
718 537
593 443
593 262
593 103
593 320
197 313
290 313
164 465
632 19
164 150
164 86
191 91
776 19
164 42
275 117
18 59
164 208
275 59
18 59
242 355
275 237
381 408
704 29
718 237
354 269
704 237
338 30
207 446
537 90
128 192
338 96
470 237
18 19
470 443
104 67
18 446
470 443
173 28
524 7
290 208
470 117
803 443
196 443
73 29
349 218
105 17
196 237
196 320
332 443
332 443
688 117
3 84
332 461
346 387
346 420
346 117
346 438
346 109
122 17
346 28
343 109
704 29
346 62
704 29
803 443
803 17
343 28
346 141
346 120
346 365
121 32
346 167
346 167
343 141
346 28
105 17
346 141
343 120
343 141
346 120
343 120
343 28
175 371
385 141
343 141
343 438
385 141
404 107
343 141
343 62
343 62
346 308
404 237
343 117
164 436
58 326
815 436
761 90
343 141
332 178
380 379
194 93
626 373
71 22
589 391
225 73
150 30
225 22
225 14
225 443
225 58
225 91
225 273
343 20
225 152
225 20
625 320
385 141
172 28
105 152
343 141
617 298
173 28
744 102
343 28
422 371
385 141
744 91
343 141
332 152
515 19
105 102
281 32
173 117
105 152
405 19
466 32
761 192
742 443
742 244
343 117
343 28
515 178
607 152
761 122
607 443
375 281
582 257
375 266
582 218
753 32
377 185
377 331
377 211
377 333
788 444
377 186
582 326
377 528
377 135
377 252
164 208
377 12
377 251
375 199
377 15
377 93
377 35
377 223
582 251
377 8
377 193
375 122
377 10
377 308
377 91
582 51
87 358
377 131
377 198
377 55
377 378
582 86
267 454
197 178
437 283
437 531
44 443
17 46
437 348
441 218
718 186
752 32
718 10
349 218
349 218
437 93
194 93
330 500
44 102
137 244
441 457
99 323
44 499
447 93
704 218
639 454
90 172
194 493
473 305
90 219
194 72
466 219
90 509
537 90
473 389
703 58
168 305
473 205
23 82
138 7
75 205
628 152
164 166
316 193
332 31
316 7
450 14
117 123
743 151
403 19
65 7
316 7
26 283
75 12
105 102
534 151
457 493
457 493
83 49
44 102
630 477
630 152
332 477
332 152
524 7
524 422
600 152
316 7
703 49
102 59
105 102
138 7
44 102
524 7
524 7
105 102
816 194
44 102
105 102
138 7
44 102
105 102
187 96
524 7
44 102
138 7
105 102
58 166
562 493
763 19
225 14
44 102
677 356
221 358
124 30
512 102
524 85
105 102
277 482
512 102
124 273
124 58
157 493
105 17
44 102
300 213
300 257
524 7
477 389
138 7
138 7
703 251
25 7
25 7
703 488
206 131
206 117
206 46
192 123
18 72
311 3
67 7
67 317
67 60
473 389
102 358
539 303
110 60
67 465
67 443
54 82
67 233
67 335
67 422
753 151
565 379
349 218
385 141
566 202
566 202
42 524
625 347
625 364
803 345
172 72
172 72
172 72
433 117
433 201
804 269
109 219
804 269
18 72
191 117
196 82
196 499
242 72
465 513
407 82
90 219
564 151
629 67
416 199
629 48
564 151
138 6
166 133
634 73
803 73
634 94
634 41
679 82
634 373
634 373
242 73
679 172
634 298
817 81
803 73
59 72
650 46
160 454
593 443
608 483
242 73
817 241
817 99
743 151
818 36
817 281
817 454
271 491
704 67
704 251
651 345
704 237
593 115
194 115
168 60
630 345
553 138
553 21
207 531
625 475
553 35
207 531
282 67
401 345
631 96
631 96
90 69
207 151
603 531
603 531
701 201
207 446
603 531
766 345
207 531
543 82
543 82
603 269
766 345
207 531
374 20
630 477
686 298
686 336
137 336
608 262
608 443
629 483
245 172
3 365
3 167
3 120
346 365
3 438
3 365
3 62
325 62
321 457
343 120
3 120
3 62
703 251
447 524
447 524
325 62
514 126
514 126
766 534
534 21
166 356
534 133
290 241
514 281
632 257
554 73
275 59
275 117
651 345
164 356
44 443
18 59
803 345
705 483
705 483
803 73
705 274
705 419
705 132
514 54
630 345
52 39
534 186
534 93
166 133
7 52
803 345
534 194
7 82
650 345
803 52
534 133
534 220
534 14
534 37
618 220
346 120
346 365
346 167
597 52
679 172
347 194
694 218
694 131
694 301
694 308
305 271
694 46
694 411
694 352
694 169
556 194
347 273
694 385
694 62
17 58
694 475
90 172
90 483
658 323
381 389
104 67
32 62
736 8
564 151
54 385
268 19
217 73
184 281
404 475
419 220
67 191
67 379
67 313
67 239
146 281
67 305
466 281
703 58
67 199
67 273
67 347
20 7
20 5
761 313
276 107
694 385
694 385
694 62
694 475
694 308
694 308
466 313
59 281
316 7
18 305
18 19
18 76
316 19
325 62
389 291
389 87
389 118
462 194
462 8
803 73
211 420
703 194
389 29
389 364
93 534
389 91
54 385
54 13
32 62
18 19
25 7
451 72
3 365
3 167
3 120
3 62
718 91
316 19
18 19
26 7
598 265
325 62
781 67
100 491
100 82
25 7
821 393
803 345
287 19
349 218
297 93
821 72
593 443
275 59
25 7
651 498
332 7
482 17
242 22
296 393
17 62
275 117
170 265
47 5
325 62
343 412
450 183
208 153
194 93
821 183
380 167
450 183
25 7
17 62
17 82
145 123
619 186
275 347
371 298
817 186
229 201
466 375
180 237
18 59
701 345
18 19
18 82
197 509
571 52
317 194
132 201
16 59
381 82
381 476
701 201
52 431
725 164
17 82
725 347
336 201
3 52
194 175
137 39
164 356
536 5
534 186
536 5
455 301
570 393
612 152
464 356
641 462
557 361
90 509
464 356
90 301
132 361
332 164
641 75
464 356
271 443
546 489
582 269
582 257
18 59
447 273
447 273
54 82
718 186
441 457
441 265
550 164
419 186
441 169
91 489
534 186
332 221
47 519
20 7
763 237
719 475
164 13
570 462
570 462
624 385
316 7
217 73
570 93
688 301
316 93
758 252
758 252
758 103
316 27
316 37
401 345
23 82
401 345
332 13
450 73
347 273
347 194
24 410
718 186
73 345
319 194
73 345
73 29
619 363
534 194
619 186
534 186
124 273
619 186
619 132
437 151
630 345
297 183
138 7
141 72
44 17
297 188
718 186
52 39
141 22
109 48
455 301
626 218
626 291
26 132
455 194
626 252
99 17
556 194
556 194
556 76
556 87
803 345
18 76
350 141
592 489
659 482
629 67
629 483
799 407
692 195
172 48
54 13
651 345
651 62
804 269
766 345
112 22
7 82
266 526
7 52
650 62
650 498
389 29
389 87
389 67
389 153
389 295
534 22
308 345
389 386
389 237
17 62
318 265
25 7
164 361
23 361
23 82
23 82
225 22
225 14
225 58
225 273
102 82
225 265
625 237
550 164
73 164
629 67
629 48
138 7
298 125
275 237
624 204
275 128
275 75
275 194
385 141
385 109
242 14
624 227
701 201
343 109
157 76
185 291
185 41
185 49
679 172
19 20
724 96
724 81
724 218
694 218
694 218
724 218
694 301
349 22
694 218
173 117
349 218
694 169
724 174
724 335
724 8
694 385
346 365
724 32
694 475
346 308
346 109
346 109
346 141
349 8
346 117
346 117
346 420
346 120
346 120
346 438
346 438
346 438
38 82
346 167
809 428
125 323
822 4
125 54
557 361
105 17
59 72
321 457
321 201
62 164
625 237
73 91
300 73
290 182
290 182
68 194
316 422
300 257
300 213
316 7
718 32
347 194
537 291
7 82
511 30
598 265
632 257
385 109
441 457
385 141
441 169
626 291
556 87
56 513
25 7
593 76
56 513
332 164
703 49
492 304
18 204
592 489
18 76
821 122
728 298
719 315
294 137
275 137
742 412
321 457
742 164
742 39
549 199
100 82
138 7
546 489
325 428
325 54
546 453
432 326
594 400
297 396
404 107
404 335
404 8
810 497
297 204
810 443
297 393
810 41
810 239
810 103
810 465
810 199
810 10
810 237
810 117
810 202
810 91
810 35
56 234
810 51
810 205
52 39
810 82
56 234
56 234
803 199
381 103
124 194
346 141
346 109
56 423
346 117
56 423
633 298
633 298
56 431
701 201
610 194
703 194
17 446
17 94
275 237
275 194
821 393
821 51
385 141
606 17
385 109
821 150
603 335
313 10
313 122
821 196
821 10
173 443
173 117
603 269
56 81
246 172
246 73
56 81
56 81
56 81
246 8
19 164
90 172
26 107
441 423
607 443
249 73
824 135
556 194
18 205
18 204
653 132
112 13
766 75
73 35
360 394
25 7
625 453
625 185
47 304
18 13
470 52
143 154
470 17
3 365
3 120
3 438
83 22
567 153
349 8
349 22
330 308
370 43
370 313
370 460
370 460
11 31
370 412
112 13
208 153
208 446
370 57
370 127
164 35
172 59
370 250
370 250
44 8
339 164
346 438
346 141
346 109
52 431
346 365
346 120
346 117
172 28
172 28
346 28
346 308
172 28
817 81
779 423
172 446
779 352
333 67
17 446
164 418
3 120
3 438
343 109
17 13
704 218
112 13
753 32
704 107
172 446
465 132
343 141
628 164
172 446
634 298
572 227
742 412
38 67
17 446
704 67
651 376
704 54
742 164
629 423
742 39
102 59
102 59
742 244
629 67
102 59
325 54
785 407
704 54
701 345
701 150
172 446
104 67
325 54
180 151
600 335
172 434
297 51
297 154
297 91
297 73
297 93
297 204
297 14
194 91
441 423
308 345
629 67
629 67
150 30
704 54
704 67
466 185
404 107
404 59
819 295
194 185
537 291
743 151
570 393
819 431
325 54
819 408
570 51
819 132
704 54
249 8
819 221
819 13
360 434
819 82
570 196
325 54
206 153
26 107
23 82
704 107
185 250
185 291
704 54
185 49
67 7
67 422
325 54
704 54
67 273
129 465
661 74
194 74
194 74
661 74
661 74
325 54
67 237
132 361
704 54
566 202
566 10
566 75
343 117
467 81
343 438
819 498
447 75
334 345
157 493
334 197
482 17
482 17
157 22
157 24
482 443
225 393
225 14
440 519
225 443
225 172
225 273
534 75
440 107
225 237
704 237
182 532
225 237
704 258
625 185
704 185
704 512
124 58
225 58
704 520
124 273
124 58
704 491
780 13
704 485
738 139
738 347
783 131
124 7
225 131
783 135
225 58
225 273
758 103
783 131
225 13
225 131
758 252
124 10
783 464
783 131
124 58
138 7
124 7
488 135
325 13
225 13
537 291
124 13
703 51
783 73
783 423
783 151
783 303
703 51
297 51
297 393
803 345
803 345
803 345
650 345
650 345
650 345
104 67
650 258
694 131
694 352
694 169
803 345
349 22
172 434
172 59
321 93
803 345
290 464
277 393
593 443
596 110
629 443
137 244
629 41
501 13
629 56
137 39
346 141
346 120
346 117
803 345
385 141
385 109
346 166
827 59
346 438
538 24
631 378
3 120
3 438
52 39
570 393
511 30
164 166
566 13
566 18
566 110
137 39
566 75
566 121
566 10
566 15
441 423
338 308
166 91
371 298
660 370
100 491
660 410
100 82
660 396
428 394
428 122
185 41
185 356
175 43
26 107
409 122
26 91
26 122
536 444
109 76
172 82
290 513
290 313
194 93
629 41
346 141
629 423
629 121
346 438
629 423
346 120
346 109
629 423
346 166
18 76
149 489
704 107
704 107
149 39
300 257
300 208
300 358
704 491
300 122
704 257
300 308
300 257
300 345
300 151
810 498
810 443
810 103
810 295
810 465
810 512
810 199
810 237
810 117
810 196
810 202
225 131
225 378
225 91
704 512
68 122
25 7
25 110
3 120
3 438
810 35
632 257
810 512
635 154
635 291
810 51
32 62
810 205
810 82
819 295
650 62
650 62
206 28
206 118
360 408
360 434
16 8
17 62
810 434
810 295
180 151
180 194
172 28
172 82
657 498
538 251
651 62
657 49
534 194
534 8
694 131
694 308
534 37
534 110
787 313
534 93
534 133
651 62
694 62
651 62
346 120
346 438
346 117
349 8
3 120
3 438
346 438
346 120
75 205
350 78
350 366
404 202
277 14
332 68
54 117
277 354
172 208
58 166
277 54
172 451
470 17
172 527
804 24
172 15
172 166
172 443
172 291
433 16
810 117
321 93
810 202
30 16
172 87
810 82
829 53
172 103
829 112
829 340
829 340
172 348
172 222
172 406
56 81
102 93
537 291
651 239
172 392
102 91
56 81
172 459
102 59
173 28
102 82
56 431
173 117
313 24
173 443
408 12
56 423
172 28
172 59
819 122
566 202
56 423
819 122
651 122
26 107
56 423
105 12
626 122
200 153
73 12
626 291
626 103
626 298
95 341
390 257
95 341
626 252
626 17
172 103
268 298
381 408
164 35
346 117
100 491
100 82
56 423
100 82
706 125
7 82
679 82
7 24
679 201
679 131
321 93
567 153
321 93
701 345
408 169
194 93
321 49
321 93
129 133
704 107
290 406
704 54
704 491
704 251
172 406
17 62
630 12
534 133
704 62
422 250
409 122
650 62
194 93
618 103
650 308
650 345
346 166
831 89
651 62
102 93
651 122
102 82
194 93
650 62
102 93
651 62
102 93
102 93
102 93
534 93
172 82
194 93
242 208
325 54
703 14
58 12
172 208
325 62
593 76
593 443
593 103
593 103
441 191
325 62
593 191
831 377
132 408
44 427
316 7
316 37
172 443
316 13
220 28
719 475
534 93
220 82
625 185
625 239
625 16
47 82
172 28
343 141
360 482
220 59
325 13
831 91
343 117
831 498
220 28
102 93
220 28
343 438
681 129
275 347
172 28
360 408
138 422
184 489
681 193
681 298
371 298
371 298
582 269
779 423
371 373
538 24
316 193
441 169
58 191
441 191
799 129
58 191
195 82
441 191
129 133
441 191
473 82
441 296
546 489
651 169
651 475
505 98
505 89
681 129
681 298
651 525
349 218
803 345
537 291
540 265
515 440
242 208
701 345
385 141
362 166
362 166
742 443
206 365
742 39
742 244
206 373
206 153
275 13
629 423
742 39
629 443
206 59
299 193
325 13
629 443
819 295
608 300
145 32
819 408
819 408
803 443
608 373
758 252
556 16
404 107
325 16
275 13
316 13
325 13
404 202
275 13
450 14
347 159
758 103
128 401
570 41
385 109
452 43
102 59
275 59
607 12
607 443
607 477
462 43
194 93
462 8
607 477
462 16
372 13
372 325
372 141
597 525
372 60
694 218
409 59
593 103
694 308
694 169
290 406
290 208
290 460
694 62
473 36
290 95
290 335
651 62
384 408
651 169
651 525
290 227
821 393
290 313
821 122
464 356
603 269
32 527
534 133
102 93
360 408
316 37
102 59
819 408
821 10
408 169
16 82
470 85
821 14
404 335
325 62
249 196
629 68
704 107
569 385
194 93
124 7
534 93
23 482
194 93
455 301
23 82
23 82
592 85
32 46
604 98
603 335
534 93
657 49
194 93
780 62
124 13
651 62
399 193
566 194
343 109
343 141
137 244
137 244
325 62
567 153
282 250
431 526
220 28
18 59
410 28
220 28
624 385
220 28
54 82
164 62
624 227
651 62
18 76
447 82
235 14
224 12
407 82
325 62
332 488
534 93
534 14
369 122
369 192
194 93
316 49
369 266
701 345
809 59
571 56
17 46
17 385
141 72
571 296
332 85
17 62
17 62
164 180
13 3
432 135
311 3
625 98
205 37
290 180
290 180
124 529
325 62
17 62
164 301
278 132
565 400
186 37
433 16
433 16
556 16
344 151
7 82
7 24
488 135
564 151
564 151
157 76
580 251
580 252
580 243
580 163
833 43
650 62
650 345
650 475
650 131
650 301
477 389
18 76
18 46
18 385
18 82
629 56
473 82
422 250
597 266
597 192
804 269
817 166
95 37
325 62
478 24
478 24
17 46
608 498
756 378
17 385
608 109
67 39
67 273
630 477
512 17
512 305
26 266
3 117
3 438
3 120
191 17
630 461
538 251
694 62
694 385
100 377
100 491
694 131
694 301
100 82
157 76
694 46
13 3
694 169
694 475
312 53
312 368
300 257
18 76
18 385
300 208
18 131
810 498
810 443
18 82
787 131
407 82
300 19
300 91
300 91
787 91
810 82
62 252
625 163
593 103
325 19
102 93
17 46
102 59
242 208
102 82
422 68
290 208
482 17
17 385
17 62
17 103
290 252
17 103
482 12
482 443
52 39
52 431
408 169
408 169
67 133
67 21
385 109
651 131
409 59
343 109
166 356
835 27
206 131
166 252
290 524
166 252
124 273
124 12
651 131
206 131
651 131
206 131
166 110
166 110
434 498
405 243
580 163
290 182
24 252
172 59
16 59
708 291
194 93
582 269
582 257
582 257
7 82
172 82
7 82
191 484
100 82
100 82
628 12
109 54
628 12
109 48
608 498
608 163
44 163
205 43
104 251
104 296
325 54
229 62
229 491
694 131
694 46
44 443
109 54
350 141
556 82
344 151
44 295
100 491
100 82
206 153
224 263
810 291
810 295
268 19
102 93
704 54
102 82
704 257
570 393
569 385
105 17
105 17
441 423
325 54
369 266
742 443
742 39
742 244
718 266
624 385
164 356
804 269
384 392
180 151
629 423
184 98
17 46
722 93
783 131
722 100
833 43
783 423
722 281
626 103
567 153
422 370
346 438
346 141
346 120
346 109
346 117
354 269
346 166
783 135
346 308
512 17
172 100
172 103
608 275
441 296
441 296
441 488
316 19
597 423
610 173
597 266
650 308
827 59
695 493
650 475
695 186
436 68
827 59
73 195
695 68
695 8
695 85
137 244
362 443
137 173
32 46
32 46
137 39
30 16
105 195
651 46
137 336
137 102
593 295
32 46
593 443
362 443
105 102
200 196
362 443
100 82
346 308
185 250
185 291
185 41
185 41
191 291
102 82
780 49
112 41
410 28
492 304
810 443
73 152
607 152
250 227
546 453
835 13
186 19
758 103
408 152
651 46
369 266
316 19
744 15
44 102
325 19
744 252
833 121
109 19
600 477
173 117
385 109
44 152
583 429
123 239
804 250
725 237
651 239
105 152
831 498
651 498
17 46
651 62
169 222
17 12
419 186
419 135
582 122
651 46
582 98
277 19
105 12
52 173
332 152
325 62
594 36
404 16
404 237
704 237
124 121
704 62
725 237
725 237
172 222
657 498
657 49
436 19
436 19
482 17
572 65
564 151
395 227
742 39
742 244
742 152
615 243
390 257
100 82
18 59
18 19
18 19
582 257
225 378
225 14
225 443
343 109
225 13
58 191
297 393
225 393
783 195
17 46
297 19
819 122
4 291
297 396
175 36
4 36
651 46
347 237
17 46
792 100
3 120
3 438
17 46
651 46
837 129
17 46
347 122
792 201
347 122
75 100
792 425
538 24
347 131
32 46
104 296
32 46
347 401
408 195
225 131
194 93
619 186
17 46
634 41
17 46
17 385
783 195
593 279
317 24
164 418
164 420
26 266
164 166
783 131
347 131
534 133
105 195
704 420
704 257
787 117
521 21
625 237
630 195
534 37
704 237
455 301
455 193
783 186
256 386
256 218
452 71
488 135
105 195
65 115
704 218
47 304
47 59
47 5
686 336
596 5
681 129
73 12
719 201
719 201
309 121
44 152
650 46
650 385
18 19
18 385
18 82
695 245
629 41
443 72
493 13
534 261
100 82
73 152
407 82
742 443
742 152
742 39
742 92
707 71
192 12
172 72
593 443
514 498
821 393
821 393
184 65
821 393
184 275
821 122
514 423
178 291
52 39
52 239
52 451
52 531
436 19
54 82
413 365
608 39
413 531
603 531
413 68
608 477
73 12
404 451
441 423
441 296
441 169
109 54
323 8
332 68
332 488
332 156
413 531
331 498
60 43
331 141
220 28
413 526
603 531
413 159
3 365
651 46
18 19
18 82
18 82
95 19
650 43
44 152
630 152
650 46
44 152
651 46
596 291
220 319
657 498
657 72
185 250
185 291
185 41
124 72
220 527
220 443
660 370
422 370
677 451
608 127
325 250
133 19
408 169
600 477
600 317
18 19
18 46
413 365
112 41
625 121
290 304
742 39
52 531
52 39
742 39
597 423
436 19
172 28
56 5
800 234
56 5
124 121
105 152
105 152
56 423
312 72
56 39
607 152
56 234
56 234
56 234
838 133
56 234
47 304
56 102
105 152
724 335
130 513
718 513
105 152
144 434
766 75
3 365
630 152
473 389
473 389
632 19
607 152
109 76
343 141
312 366
343 28
343 120
343 245
185 41
290 304
473 407
473 205
275 13
441 169
803 205
803 92
44 102
671 407
3 120
100 82
703 127
703 75
285 276
625 121
285 169
18 205
18 76
18 13
18 82
443 72
650 81
275 13
164 289
528 488
628 12
105 289
18 13
608 127
608 87
608 415
36 7
408 415
473 407
703 87
683 127
703 127
703 127
703 127
683 127
105 152
608 323
566 122
447 75
629 121
470 17
665 70
608 169
249 196
68 8
68 122
26 7
810 289
810 82
758 13
407 319
689 395
18 13
267 454
629 257
593 76
593 76
93 313
514 423
68 24
185 326
47 370
703 24
220 28
597 423
75 205
75 205
389 485
389 295
109 54
462 8
389 474
83 5
25 7
185 41
570 393
422 370
404 335
404 8
783 423
570 443
173 117
173 117
173 109
173 10
173 141
173 141
173 443
766 451
766 451
766 345
608 141
608 152
608 152
505 8
804 24
600 335
349 218
349 497
766 497
766 75
783 393
766 75
766 534
174 401
174 401
597 345
349 497
164 62
413 365
413 82
629 257
492 304
629 423
629 423
629 41
164 128
164 133
408 364
47 304
47 5
164 451
833 43
799 407
164 301
694 218
694 131
164 411
694 308
290 313
694 46
290 304
408 12
766 497
570 393
275 13
275 117
67 133
67 39
67 208
67 451
185 257
67 173
67 27
185 55
67 460
683 152
803 205
109 48
230 28
172 48
596 5
172 28
185 269
360 392
559 3
206 117
407 319
18 48
175 41
703 24
18 76
703 51
18 46
18 13
18 82
704 55
67 7
343 109
708 194
343 141
184 117
629 56
18 194
832 100
597 117
67 121
67 13
67 60
347 194
67 12
67 237
67 202
67 37
172 48
404 364
67 347
67 513
810 41
67 273
404 202
67 8
67 313
597 525
67 186
275 117
67 65
597 117
67 276
67 55
16 12
67 345
67 239
67 103
67 465
608 402
123 239
572 227
123 221
290 460
290 513
290 313
290 313
166 356
166 74
168 82
67 335
67 513
67 202
603 269
323 319
323 295
323 8
73 345
17 46
73 12
570 230
17 46
164 356
701 201
701 345
68 24
145 16
145 51
32 527
608 12
32 46
73 12
593 452
597 79
703 51
832 269
168 235
18 119
18 207
582 269
18 200
582 242
407 319
582 242
344 50
407 113
582 257
810 367
810 155
582 326
582 122
810 403
262 228
810 47
166 445
166 445
797 33
610 173
603 337
701 236
304 289
44 152
304 60
112 41
606 44
606 314
304 82
606 237
606 66
105 12
37 113
275 80
275 117
105 152
275 237
651 46
325 472
275 163
275 347
275 128
275 40
597 117
349 282
349 8
349 242
349 218
703 51
233 237
25 402
25 441
164 128
580 163
194 74
26 523
164 529
462 63
603 181
164 194
164 133
290 529
114 525
608 117
592 64
608 275
242 190
68 122
275 194
657 72
657 369
657 74
275 75
413 399
413 350
413 34
413 128
242 72
441 232
441 201
429 314
597 525
323 319
58 54
323 403
323 495
323 8
58 326
694 385
694 218
694 475
231 338
275 8
275 8
231 10
323 539
651 475
323 8
650 308
73 338
650 475
413 357
515 19
650 131
413 10
671 407
337 526
569 224
569 87
569 113
569 179
337 101
47 5
137 336
137 244
137 102
337 407
137 173
375 281
164 34
375 266
375 122
6 236
413 34
164 281
164 34
349 8
349 218
56 173
164 194
56 5
810 41
810 289
70 79
777 73
231 338
231 73
594 236
594 36
777 73
472 282
197 227
56 345
56 345
777 131
56 102
777 12
262 10
629 41
777 12
570 260
570 260
570 259
245 172
450 73
625 155
625 163
538 494
628 338
570 318
725 122
422 328
618 365
618 100
606 403
185 257
799 407
799 407
164 13
105 163
817 454
466 323
466 54
466 101
93 534
93 4
715 21
715 8
176 338
521 21
275 194
488 47
701 236
515 59
701 345
102 260
73 345
73 12
73 338
322 68
67 80
67 40
67 173
716 325
67 181
295 416
295 181
67 8
783 423
626 218
715 21
715 8
275 40
783 131
596 388
596 316
87 492
779 423
779 495
470 66
470 443
275 185
290 335
275 117
3 388
447 75
275 75
276 125
18 100
349 8
18 19
349 218
18 82
229 18
180 281
777 73
783 73
777 301
123 279
123 101
123 123
275 18
123 152
466 281
123 12
47 15
719 475
123 295
194 185
407 73
16 12
407 319
369 91
231 338
242 73
719 201
777 131
565 497
565 395
565 242
565 237
47 386
47 239
606 54
606 66
123 24
783 73
608 323
608 10
404 131
404 286
608 131
404 335
404 470
625 75
47 303
404 75
47 465
625 475
404 237
608 262
650 475
404 278
17 289
603 335
404 335
625 75
603 335
404 75
404 335
242 73
625 75
325 427
566 110
625 364
619 186
619 194
783 186
777 73
596 110
180 59
180 75
45 173
180 123
413 365
413 34
413 82
413 13
173 117
566 122
173 28
173 48
607 403
566 15
173 109
810 497
607 443
173 117
810 18
173 10
173 10
173 10
173 141
704 55
173 141
46 86
73 12
46 374
73 338
619 117
619 338
619 292
124 248
47 59
123 470
123 325
703 416
455 297
703 49
596 5
596 5
596 107
566 122
596 264
596 316
596 388
596 110
719 201
719 201
534 75
817 5
817 281
275 18
275 59
137 102
229 18
629 48
650 131
650 301
164 34
419 338
718 59
546 64
172 48
172 48
390 257
695 176
390 84
695 245
23 82
787 185
787 228
787 13
164 194
47 82
47 281
512 39
47 18
512 102
290 186
220 28
793 229
125 71
473 82
220 319
220 527
408 364
164 229
407 319
407 82
18 13
164 35
273 252
413 34
330 50
330 500
176 338
330 13
330 238
330 42
330 4
332 48
783 13
3 84
629 48
629 257
629 257
651 131
347 75
452 288
521 21
6 236
452 383
608 141
6 229
608 10
56 423
763 178
109 48
56 345
275 194
622 540
164 288
164 229
56 102
761 90
630 345
566 208
603 269
736 75
408 540
172 48
629 48
719 26
47 324
47 162
138 231
719 89
407 322
25 110
596 110
596 5
624 385
719 475
330 193
624 160
624 416
332 85
624 231
316 362
18 19
169 25
18 13
18 46
462 173
462 92
95 47
390 84
619 186
619 104
290 186
596 305
164 349
164 157
63 191
63 191
703 416
701 498
701 426
701 423
63 19
164 289
23 361
25 110
164 361
164 194
597 362
164 185
164 50
810 18
164 169
810 35
164 35
810 47
810 35
275 18
275 185
596 110
87 92
275 194
562 12
619 186
619 238
562 82
180 501
619 75
603 526
619 324
562 387
766 451
184 85
102 59
777 308
149 502
149 495
164 35
777 237
164 194
164 451
777 155
164 341
777 74
796 228
787 10
641 451
164 451
164 207
17 289
256 386
256 218
206 110
17 385
3 84
206 44
206 364
392 237
17 82
298 70
298 115
810 18
297 19
206 169
297 396
753 54
753 121
164 42
164 40
164 47
164 235
404 59
164 274
164 128
344 50
626 185
344 50
344 248
464 226
626 252
278 330
464 414
278 15
145 51
176 104
47 5
47 169
47 82
754 306
102 74
102 59
102 93
482 403
407 82
67 40
597 169
413 526
694 218
194 93
413 128
657 498
194 74
694 131
694 308
694 46
436 19
626 128
16 82
582 269
582 374
491 47
582 242
515 19
582 257
582 326
145 51
582 37
569 87
18 305
18 59
626 82
582 86
582 86
18 19
18 19
90 386
90 483
589 475
809 238
470 443
722 93
470 92
470 431
275 194
470 164
559 12
343 141
385 141
470 512
275 40
145 88
809 308
73 164
90 423
90 128
466 323
58 191
607 12
607 443
703 87
16 59
624 51
343 141
343 28
703 51
343 10
677 369
343 107
677 369
677 406
172 28
534 37
465 500
317 24
172 459
346 438
810 92
346 141
346 120
841 356
164 164
172 154
384 361
290 406
841 54
68 24
841 414
703 24
346 109
164 356
447 75
447 75
597 423
447 362
57 93
597 498
704 237
650 308
597 362
582 51
330 50
624 51
597 345
229 18
650 385
142 37
23 361
25 110
703 51
25 110
408 364
148 70
148 7
534 37
148 44
703 51
148 48
651 345
597 345
650 169
650 475
58 191
346 420
130 13
130 513
343 109
534 75
84 128
84 128
343 438
84 128
84 199
148 23
137 102
343 28
488 47
744 15
744 8
744 121
812 194
413 128
812 194
812 194
72 448
148 451
72 82
534 194
650 362
332 443
332 164
173 117
173 141
173 141
173 141
173 10
180 50
173 28
173 443
173 3
270 80
17 385
138 7
64 36
812 489
17 13
742 443
17 82
742 164
650 385
742 39
742 244
742 364
742 152
483 496
742 92
625 475
625 152
676 501
650 475
625 475
736 75
65 115
441 191
290 513
619 194
619 104
30 164
347 194
347 75
185 483
273 255
273 170
650 475
420 41
625 475
47 304
404 274
626 10
404 107
625 185
404 75
625 20
625 75
109 48
625 489
404 59
625 364
625 477
625 374
143 526
143 526
60 240
626 82
484 407
51 318
527 37
719 475
603 152
275 13
275 80
275 117
275 237
275 128
275 185
100 399
208 164
100 82
208 446
688 369
688 87
67 489
67 431
67 47
25 7
465 513
408 364
305 51
90 483
206 44
799 407
206 48
651 345
18 72
18 13
557 361
557 361
371 298
803 345
17 385
650 385
431 12
650 131
195 319
810 47
546 489
242 72
715 21
515 272
515 272
515 29
651 345
661 384
597 345
569 87
413 399
626 298
268 238
268 298
674 31
674 150
841 24
3 438
3 120
688 87
706 27
706 127
706 209
706 209
706 24
145 51
706 37
447 75
706 49
814 59
447 75
629 48
629 423
629 483
629 381
105 12
694 131
71 7
694 308
71 255
624 385
694 169
624 51
694 362
625 75
694 385
625 475
694 475
452 43
172 48
172 446
722 175
679 483
23 361
718 59
679 314
679 172
679 330
23 82
290 227
290 513
290 384
290 304
679 82
559 3
559 20
819 501
349 218
718 513
137 244
137 39
719 475
478 24
556 75
821 51
821 345
164 82
777 41
344 50
109 48
54 82
337 407
173 48
109 48
172 48
830 109
173 48
390 257
164 289
390 19
112 41
184 489
184 374
109 54
473 82
473 407
683 127
95 19
95 37
145 51
172 48
172 48
172 48
109 219
688 19
703 24
650 169
650 43
653 330
810 41
617 298
650 475
413 82
346 109
346 28
346 28
346 529
90 219
194 175
290 513
290 529
67 489
67 150
347 75
90 483
67 240
785 407
67 179
785 42
785 116
785 526
785 423
105 152
703 51
785 120
785 483
785 47
802 33
300 10
208 446
4 245
208 215
164 40
719 48
787 185
408 152
718 513
172 48
184 489
787 72
105 152
413 526
168 526
432 72
164 185
164 513
432 135
556 82
109 49
730 265
45 489
45 170
785 526
473 82
722 175
18 19
290 513
325 19
220 319
47 169
172 72
47 15
810 47
407 319
510 321
657 369
657 72
657 75
725 164
744 15
810 289
810 18
185 483
229 18
185 55
185 318
777 41
607 152
607 12
90 483
556 82
626 298
626 82
275 59
100 399
810 18
660 451
100 82
840 137
194 175
164 289
100 476
556 82
537 90
362 164
625 152
408 75
408 152
650 385
629 483
629 257
484 407
430 396
842 362
413 526
841 24
25 255
70 79
681 298
744 453
744 389
744 386
744 533
744 206
744 355
206 209
582 257
138 7
582 374
582 232
582 218
582 423
206 169
582 29
582 37
173 206
173 28
67 186
470 164
651 169
534 186
785 526
785 47
785 407
785 14
534 14
785 387
785 14
362 355
362 355
624 312
164 436
164 500
150 325
562 407
150 325
102 325
102 74
102 74
102 74
191 253
29 322
29 7
722 175
192 101
75 11
56 345
563 176
4 530
563 355
290 186
679 330
56 102
650 79
742 164
742 244
491 47
742 364
407 322
462 63
742 241
742 57
298 115
603 391
325 57
225 160
10 323
225 73
225 162
839 451
225 159
225 393
225 14
225 20
194 115
619 186
225 443
225 273
225 212
159 115
330 50
330 500
330 308
330 34
330 245
404 218
473 389
404 451
404 323
63 191
184 245
332 141
63 191
297 396
194 115
792 154
718 302
220 28
488 47
625 362
381 530
396 155
583 155
583 239
583 195
129 133
787 185
105 195
719 273
719 273
282 250
619 253
703 416
626 273
626 185
812 489
47 15
297 393
73 345
344 50
565 104
565 338
843 303
843 86
843 36
843 98
290 241
290 183
597 362
290 70
349 218
570 393
570 393
229 154
347 159
285 218
285 532
285 387
285 260
285 386
102 260
650 57
821 393
145 272
390 257
390 84
242 14
90 70
18 11
49 76
277 14
18 76
569 87
569 183
569 183
725 164
562 34
18 159
17 94
572 342
572 227
572 427
572 103
17 46
164 34
17 46
164 133
164 293
766 345
17 46
164 420
164 47
722 308
802 335
766 451
164 185
766 451
802 131
191 253
191 253
694 218
694 131
694 308
802 443
802 131
694 46
766 534
694 131
250 227
694 169
694 362
694 362
802 128
694 475
629 73
629 443
629 257
802 443
802 443
802 443
461 87
719 89
100 435
842 362
651 475
787 185
63 122
787 72
762 159
842 281
17 46
17 46
719 283
172 72
625 86
630 195
275 128
220 443
325 289
185 41
32 46
803 73
404 475
3 84
404 60
290 183
650 46
413 436
413 34
413 34
650 94
413 526
650 289
413 159
413 399
413 128
464 356
375 122
242 72
100 399
173 141
785 407
785 526
785 526
390 84
785 14
390 419
49 76
785 103
173 28
173 443
347 122
17 289
718 122
17 94
17 46
347 122
688 253
17 46
18 76
18 72
18 159
164 34
325 289
242 72
180 15
52 451
52 452
495 245
624 416
624 416
184 86
821 122
787 72
362 355
205 21
205 21
787 355
18 19
18 19
164 185
164 289
32 46
32 46
362 3
137 244
777 73
137 102
164 451
677 451
172 15
629 443
385 141
385 109
19 164
125 272
125 272
808 252
787 185
330 245
330 42
330 308
330 34
330 34
594 236
811 14
703 416
594 423
496 89
496 89
536 3
431 391
811 81
811 115
6 236
694 46
6 355
694 475
273 253
184 21
534 21
194 115
346 109
164 34
164 185
164 42
323 403
285 323
349 218
323 495
392 132
392 3
392 185
194 185
566 122
566 218
566 202
618 365
116 34
103 102
168 34
719 89
168 60
275 137
275 185
275 128
703 215
194 93
17 289
810 42
810 202
632 532
190 199
157 241
650 94
650 46
650 289
325 289
404 218
346 117
385 109
346 529
404 202
404 60
404 475
515 440
346 109
515 19
186 19
346 109
63 19
430 396
63 122
565 301
436 19
164 185
164 333
206 28
206 28
194 93
84 128
164 529
164 128
583 195
164 289
168 69
137 73
172 28
17 46
17 289
3 84
841 141
612 345
742 443
742 164
629 73
629 198
742 241
742 244
52 451
18 19
616 15
137 355
45 241
268 19
742 241
45 241
742 241
742 101
18 19
133 19
268 19
688 19
688 253
842 55
715 21
133 19
606 44
841 414
749 68
18 19
479 68
447 93
182 533
593 524
234 11
332 68
234 436
234 91
83 19
842 91
297 396
534 93
749 81
290 528
505 89
290 241
290 138
58 191
173 141
173 28
173 117
173 443
785 14
845 208
845 68
845 301
845 497
667 486
164 208
845 308
297 73
845 8
749 8
147 22
845 141
845 8
667 389
785 42
583 101
845 261
845 110
845 110
843 86
845 159
404 233
749 22
845 196
845 411
845 230
845 121
4 73
470 443
705 163
205 21
466 163
705 132
705 419
705 163
705 163
16 60
26 132
705 345
725 117
625 191
17 94
17 446
17 119
17 58
17 289
625 86
17 103
17 239
17 239
625 230
625 121
17 186
278 132
17 186
17 186
17 240
278 330
17 18
278 230
653 330
17 128
608 317
466 163
608 141
464 414
464 414
103 186
103 186
390 19
103 22
103 22
103 245
103 245
103 245
103 85
103 85
464 414
103 245
103 85
103 85
103 251
103 251
194 18
205 32
332 85
332 141
332 68
108 128
775 122
330 50
330 34
168 34
440 81
185 257
390 341
719 315
719 193
597 122
597 341
18 119
18 11
526 391
18 19
18 19
18 159
694 218
694 301
694 308
694 411
650 411
694 475
694 411
701 236
701 423
805 68
701 345
137 47
68 122
102 91
102 93
18 289
589 391
390 19
347 159
347 122
347 86
100 430
312 202
100 131
624 2
128 122
703 371
52 239
810 18
683 407
596 5
229 18
3 371
404 218
749 68
404 202
4 7
404 475
810 18
17 46
17 119
17 239
18 2
149 495
149 322
629 41
629 257
618 289
603 391
17 289
603 152
330 34
90 301
330 19
565 379
208 28
17 18
208 215
625 86
625 230
321 101
56 81
343 28
56 81
343 117
847 416
44 317
44 152
847 289
847 289
847 289
56 5
56 345
173 117
173 28
173 141
173 141
173 443
56 102
376 36
744 15
744 355
744 533
744 91
744 8
176 488
109 48
683 152
683 18
683 465
847 11
810 18
810 465
683 465
787 185
810 465
683 18
683 57
810 18
810 18
799 407
634 94
347 86
843 86
194 18
683 18
538 24
275 18
275 128
275 163
275 117
137 102
836 241
47 261
626 103
625 163
626 91
441 218
173 48
73 152
787 117
290 241
290 335
17 18
17 128
651 94
651 94
650 94
626 128
841 24
277 69
841 414
277 19
349 8
332 141
349 218
626 218
70 79
25 2
25 7
90 69
362 355
841 218
172 28
629 48
570 393
570 260
777 41
703 24
624 416
841 107
841 107
624 2
455 301
841 107
785 407
841 24
624 231
404 107
268 19
455 315
455 7
404 107
404 107
404 107
703 416
404 8
404 163
841 107
704 107
404 414
441 457
704 107
725 41
715 21
323 495
323 8
725 117
567 528
841 414
404 414
275 128
343 141
275 163
343 28
332 141
343 117
67 333
346 141
343 141
275 117
17 128
17 385
343 438
346 365
67 133
275 128
346 28
17 128
343 28
343 28
343 28
343 28
346 28
67 7
346 28
346 28
346 529
138 7
67 465
138 2
343 28
510 11
67 274
67 7
704 28
67 131
381 333
112 41
67 236
67 333
346 28
67 239
67 443
67 8
67 22
67 121
67 423
624 2
67 513
67 335
332 156
625 121
538 24
242 355
787 131
67 414
27 156
27 156
3 438
718 513
327 453
569 183
787 355
275 8
843 98
173 28
242 355
841 24
841 356
220 28
562 407
625 98
625 453
538 24
343 28
617 482
683 407
67 191
67 58
67 103
703 24
67 345
67 8
67 305
67 19
67 368
67 453
704 513
629 41
67 121
67 355
67 240
67 60
242 355
842 91
67 47
242 355
67 63
67 355
67 202
703 24
67 385
67 385
67 333
847 385
242 355
785 407
570 163
67 385
67 355
841 87
470 52
242 355
847 385
847 385
593 103
466 163
593 191
847 416
655 37
164 34
847 416
538 24
173 117
694 46
290 528
164 289
694 218
571 56
683 407
225 163
199 407
571 457
225 159
225 152
703 416
785 103
625 191
785 407
625 163
703 24
703 24
625 453
625 121
625 185
719 107
625 20
625 291
719 107
422 58
625 364
422 371
719 107
129 465
129 21
704 107
719 107
841 107
719 107
841 107
704 107
719 107
841 107
112 72
704 107
841 107
704 107
309 121
841 107
841 107
841 24
841 24
704 107
6 236
841 460
312 368
312 202
719 107
810 239
704 107
626 185
626 291
626 103
626 128
408 163
441 218
596 121
626 91
626 218
608 185
626 185
703 24
608 163
466 163
608 379
634 94
479 68
520 68
479 68
520 68
520 68
833 41
290 335
833 41
124 121
625 121
823 14
441 457
95 37
67 460
67 21
455 103
67 121
67 465
455 7
67 453
67 385
67 379
67 335
67 37
67 239
67 103
67 202
67 355
455 103
565 379
466 323
833 121
404 163
404 202
404 60
103 22
103 102
843 98
562 20
562 407
629 68
629 121
408 163
625 98
625 475
565 104
650 46
53 201
537 498
53 257
53 362
390 362
18 48
441 201
18 482
18 2
18 19
18 19
90 291
466 163
312 202
312 368
292 301
779 423
292 423
166 133
25 2
779 362
408 163
25 7
779 57
779 128
779 475
704 257
694 218
694 131
694 301
694 46
694 362
694 385
694 475
90 291
278 230
841 218
42 236
242 165
42 64
821 393
625 230
625 362
753 245
534 133
753 121
3 117
724 218
724 218
3 371
3 52
404 218
404 20
404 202
404 475
810 239
404 470
847 385
847 122
660 370
660 250
660 334
138 7
95 19
67 313
67 368
67 133
67 133
67 22
172 48
67 131
67 7
67 239
25 7
625 20
625 121
61 21
570 197
64 36
346 438
346 28
346 117
744 301
346 498
744 121
607 20
677 405
549 3
549 3
625 121
725 57
758 103
124 7
124 121
703 464
343 438
841 54
703 22
651 131
138 7
6 64
534 22
325 54
832 24
54 26
129 21
3 117
3 438
132 482
137 47
650 131
650 57
624 2
703 24
102 91
343 28
44 8
343 28
362 355
362 489
362 477
362 443
44 17
705 163
133 19
290 464
290 22
290 69
705 345
534 22
534 8
290 313
290 22
290 227
705 132
290 186
703 464
138 2
7 24
18 204
18 2
18 2
18 2
18 19
290 464
18 385
704 54
610 13
629 67
629 67
534 22
629 67
629 257
841 54
275 163
537 498
704 54
346 438
346 117
346 28
346 498
346 498
275 117
537 474
537 419
537 419
164 411
306 488
810 498
763 17
299 57
58 54
185 250
185 41
185 356
185 257
325 13
626 17
841 54
841 250
704 54
59 488
683 57
597 67
343 438
343 150
290 22
447 122
447 93
297 393
571 457
571 379
534 22
703 22
3 117
3 438
4 352
704 54
65 131
67 186
282 67
282 250
67 7
282 169
225 163
736 8
225 22
225 498
225 69
225 313
225 91
225 13
58 150
169 149
67 313
67 139
67 121
67 121
67 150
67 8
67 21
67 47
67 22
67 202
67 13
67 385
703 22
124 7
109 54
125 54
125 237
753 121
704 54
109 54
753 121
704 237
704 54
753 423
753 54
183 13
704 54
125 54
704 54
694 218
694 131
694 301
125 54
694 411
694 352
694 169
694 362
694 385
694 475
125 347
704 54
125 54
704 54
836 241
125 54
704 54
125 54
704 54
125 54
704 54
596 305
804 24
624 385
624 2
309 121
325 13
651 411
651 131
25 2
25 7
290 241
290 460
779 291
290 313
290 313
290 69
779 57
779 352
779 17
422 371
166 133
422 250
3 371
275 347
275 237
694 131
694 385
25 441
340 251
570 393
570 163
625 362
125 237
841 250
317 50
629 48
290 22
44 8
343 117
629 48
18 305
18 2
18 13
622 541
622 541
231 338
25 2
624 385
624 2
821 122
821 393
273 253
273 251
408 541
137 47
650 411
650 498
650 385
650 169
556 237
18 2
18 2
172 48
172 48
25 2
515 272
694 411
694 169
694 362
694 385
71 13
3 117
109 48
849 176
849 265
849 318
191 91
173 28
275 8
275 117
538 475
810 253
810 35
626 103
251 172
537 291
224 8
597 475
23 482
722 93
422 371
133 19
102 93
719 475
390 419
390 362
3 117
3 371
103 186
103 245
84 128
744 301
84 12
290 186
194 93
340 251
340 251
340 186
340 186
340 13
56 345
44 8
90 291
56 102
562 13
56 102
56 102
392 3
392 3
619 186
191 253
56 345
56 345
465 3
465 19
803 345
753 121
569 183
569 183
722 93
722 93
722 19
185 250
185 250
185 318
694 301
694 362
694 475
649 322
390 36
390 362
390 237
390 19
810 291
102 93
707 36
707 36
707 36
565 338
465 19
4 291
4 291
290 183
290 69
25 482
318 265
537 423
422 371
3 371
629 423
841 237
538 475
694 362
694 475
67 305
67 338
90 69
722 19
722 308
704 237
18 305
268 19
67 13
67 47
67 121
67 385
724 335
724 8
704 362
724 89
570 393
570 197
704 251
47 99
520 68
520 324
563 176
376 36
569 183
848 251
582 257
290 69
290 335
290 198
465 19
194 193
363 377
142 4
742 443
742 241
742 101
742 39
742 57
742 152
566 3
566 218
290 241
290 182
102 366
102 358
102 358
7 24
7 153
319 10
571 296
571 296
142 10
168 434
182 533
346 438
346 498
346 150
346 117
346 117
629 198
422 371
172 118
625 121
562 387
3 117
3 371
3 371
3 438
175 41
175 57
175 371
742 241
607 152
273 253
3 371
651 345
803 345
175 371
464 414
3 371
742 152
464 414
407 322
464 414
464 414
464 414
464 414
464 414
589 475
694 218
694 308
694 362
464 414
464 414
694 475
694 46
694 46
537 498
185 291
185 41
185 257
652 358
197 10
290 241
175 371
175 362
722 19
707 36
343 150
650 122
360 95
343 438
343 120
343 28
343 28
431 475
17 46
3 371
3 120
3 438
744 533
404 218
404 414
683 57
73 29
140 4
582 10
582 37
466 387
589 475
780 407
608 263
608 275
608 434
52 405
842 37
207 28
600 152
810 291
626 298
44 8
90 291
626 291
325 57
801 265
719 475
67 131
278 132
67 335
67 423
299 57
67 414
67 422
312 53
67 8
67 163
44 17
67 163
67 19
67 37
67 197
67 121
441 57
441 296
441 218
441 378
124 30
441 10
441 265
123 152
455 193
371 10
208 118
537 423
843 98
53 378
622 541
622 20
694 218
694 131
694 46
694 362
185 291
694 475
681 298
67 305
651 345
399 24
399 271
404 20
404 163
404 414
278 89
338 30
357 378
224 263
104 296
18 305
104 67
73 152
322 411
322 411
52 39
851 10
67 414
67 414
851 457
851 457
572 227
572 103
194 93
275 128
275 8
205 32
441 296
441 218
441 457
441 10
626 103
851 137
851 237
719 89
719 89
321 457
17 46
742 241
742 39
742 57
742 152
278 89
683 57
470 396
470 155
470 233
470 110
470 237
470 85
325 57
470 17
842 362
408 541
504 183
667 525
597 525
607 152
462 8
657 498
137 39
810 498
810 155
47 273
661 68
142 326
159 10
332 85
625 155
625 362
836 241
90 291
807 154
35 13
561 30
344 50
67 39
561 178
561 170
561 131
520 85
478 24
124 30
124 30
622 541
52 39
205 33
572 342
572 154
572 154
618 365
650 498
650 57
650 57
290 241
290 183
546 489
332 68
546 201
332 152
290 335
515 178
546 453
753 121
612 134
322 68
343 438
284 44
102 93
109 48
262 326
3 438
142 326
105 17
105 152
349 218
321 48
624 385
268 10
611 183
44 17
344 132
706 425
142 10
626 10
537 498
537 498
537 465
537 465
290 183
159 10
694 218
694 131
694 46
262 326
694 411
262 15
694 362
694 385
90 465
704 371
704 362
395 4
395 342
520 131
520 68
520 465
441 232
650 232
441 232
753 333
145 37
390 362
846 273
404 335
137 39
3 371
375 266
75 11
704 371
704 362
603 335
346 438
346 150
346 498
346 28
346 117
185 232
836 47
836 39
3 117
3 371
3 438
18 11
349 15
36 94
572 342
782 164
47 304
569 183
441 488
441 488
197 10
231 10
785 407
785 387
785 47
785 526
785 526
206 48
246 172
290 183
536 3
290 335
52 39
842 37
4 232
275 237
18 48
75 11
73 4
557 361
626 10
404 335
771 305
47 465
322 411
197 525
18 305
537 367
537 367
749 190
630 425
105 17
853 117
629 48
390 362
608 263
209 28
657 498
140 4
851 10
290 335
3 117
851 237
3 362
259 252
142 4
259 275
491 47
491 135
114 525
325 427
725 57
742 241
742 39
742 57
742 152
250 228
44 17
742 39
376 36
441 232
624 227
597 525
750 38
826 229
479 68
706 425
854 75
650 498
652 358
652 12
332 152
67 39
853 281
664 358
413 399
73 427
465 35
567 153
610 75
145 388
534 75
569 183
569 183
569 188
572 227
742 152
62 35
468 24
624 227
290 241
744 252
534 24
290 183
626 252
468 24
17 46
854 75
100 399
777 195
169 75
52 39
225 131
225 498
225 237
626 237
626 17
827 59
109 48
102 59
720 500
629 48
332 48
657 498
749 68
164 234
149 39
164 35
851 228
630 152
630 425
332 68
332 152
736 75
124 75
736 75
810 498
810 465
810 35
650 498
332 443
332 164
332 488
650 131
332 85
742 39
47 59
510 59
268 298
268 10
109 48
854 13
854 75
854 68
686 298
854 139
142 10
164 35
164 153
854 32
62 131
56 498
56 423
87 358
56 488
56 234
683 465
197 10
56 17
56 99
626 298
441 488
441 488
26 122
785 281
629 423
629 48
90 423
572 227
231 10
675 378
344 13
572 228
262 228
744 252
652 358
520 68
520 281
718 281
625 75
47 99
164 234
534 133
3 362
67 39
650 131
700 291
624 227
142 59
836 281
176 338
164 13
129 465
164 361
164 411
164 182
164 500
164 152
164 301
164 110
164 150
164 180
164 465
164 128
164 333
102 358
371 298
753 423
87 358
197 228
650 411
847 11
847 416
16 82
16 59
626 13
626 82
629 68
67 333
67 30
67 150
67 139
149 39
62 131
854 10
854 75
854 13
408 541
191 139
390 362
390 257
626 13
109 48
185 257
36 13
652 358
537 434
100 82
172 48
625 75
67 423
67 80
67 139
610 173
371 298
753 423
753 65
753 32
669 75
259 260
375 122
629 48
629 423
137 39
16 82
536 525
758 35
758 263
603 335
854 75
323 301
132 364
18 48
18 13
290 182
87 358
142 59
704 20
683 465
572 227
572 227
16 59
16 13
16 364
16 60
3 362
473 273
473 107
464 281
704 465
464 155
851 333
90 301
704 107
325 13
851 10
559 20
704 20
851 228
67 173
704 10
67 173
67 65
67 362
67 33
184 65
184 21
184 75
718 59
231 10
142 10
718 32
71 22
597 423
597 525
595 265
141 22
109 48
109 59
142 59
753 65
753 65
36 324
385 109
753 423
197 10
197 228
739 298
629 67
47 281
651 345
488 135
276 195
225 378
225 22
225 13
275 128
275 80
275 13
275 59
492 304
149 423
149 291
56 39
149 502
742 173
56 99
56 423
742 39
742 364
742 152
742 241
742 241
145 379
290 241
332 152
520 281
520 20
520 131
520 107
164 128
164 500
109 48
164 356
138 2
138 7
332 48
138 488
138 231
191 356
26 298
629 48
473 107
688 32
466 32
673 379
630 195
630 152
683 152
67 39
67 80
67 40
67 131
67 65
67 7
67 273
67 173
67 37
67 338
810 465
753 32
164 173
164 131
164 465
126 134
184 65
466 32
231 338
744 173
744 301
744 39
501 32
520 465
753 32
290 68
290 378
624 231
624 227
137 39
67 338
67 465
67 103
67 233
67 131
67 305
36 68
67 237
810 103
572 44
719 48
681 298
290 68
159 298
36 68
148 422
290 68
565 338
44 39
600 477
600 317
600 163
520 245
625 20
625 477
562 407
625 364
625 75
562 82
441 378
652 358
306 251
603 477
851 10
851 237
851 228
851 423
109 48
109 20
626 298
626 237
184 21
332 477
556 134
753 423
47 99
371 298
4 232
683 465
572 65
52 39
657 75
390 362
657 139
166 356
145 281
73 35
538 251
149 36
777 419
706 425
18 305
18 76
70 79
629 48
634 298
634 94
634 94
626 298
609 159
629 41
742 79
810 465
434 362
650 79
719 315
719 283
123 279
810 42
810 497
810 239
810 18
810 295
810 261
810 199
810 403
810 196
810 202
810 289
36 289
195 319
277 482
277 54
277 196
245 172
777 395
462 63
462 173
290 186
290 528
290 464
290 406
290 384
290 513
290 529
290 180
290 460
290 95
290 179
290 313
290 337
290 138
242 72
473 273
473 36
827 59
534 186
534 261
810 289
357 378
332 141
332 156
56 81
36 289
626 95
626 273
56 423
36 68
56 102
56 5
810 289
810 261
45 241
520 208
520 68
124 274
124 248
520 465
124 14
275 185
124 55
124 58
275 40
124 75
275 128
520 202
520 281
524 18
124 115
275 347
520 206
275 347
275 18
18 119
275 199
18 204
275 75
18 207
18 200
275 163
18 446
290 186
592 125
290 241
707 71
90 172
224 262
330 238
847 289
683 18
683 465
284 64
323 295
653 330
323 319
607 152
607 32
853 17
23 482
323 123
683 152
185 232
185 41
231 32
796 228
783 423
783 423
176 104
706 27
706 127
58 191
810 18
810 465
810 289
603 391
603 269
603 181
851 423
683 18
851 127
851 56
851 237
851 196
683 465
164 157
164 34
47 370
82 59
231 338
231 10
3 84
132 408
137 355
137 244
109 54
109 20
441 191
441 56
600 477
600 230
441 378
600 110
600 197
625 185
625 191
625 239
625 86
142 10
277 206
277 482
277 54
277 14
327 453
277 393
625 75
625 230
744 248
744 76
744 39
744 91
744 355
744 389
744 386
744 102
134 28
466 185
855 228
175 371
688 32
589 125
854 325
842 37
332 477
562 34
836 102
67 368
67 40
836 244
67 39
67 529
47 169
787 228
787 355
100 435
100 430
100 82
250 228
556 76
149 495
556 395
360 408
810 18
810 465
810 91
18 76
556 76
556 18
249 196
4 73
4 530
4 352
145 281
145 88
630 477
290 529
803 52
593 76
803 497
593 452
536 3
803 513
593 90
803 313
803 17
744 76
744 281
777 195
145 281
600 477
349 22
349 282
553 138
854 117
242 355
520 237
520 465
854 2
810 18
810 465
810 237
810 117
810 196
336 315
408 169
67 274
67 173
67 460
37 113
624 2
624 385
275 117
275 18
17 446
17 46
138 2
841 281
17 18
827 59
815 436
332 477
742 241
742 244
275 18
344 248
704 371
321 385
36 94
36 13
19 121
164 289
390 303
839 451
360 93
856 160
195 319
290 241
290 313
297 396
297 154
262 228
798 303
798 263
270 80
798 154
650 43
798 291
798 407
744 248
565 104
565 154
275 80
404 451
319 175
319 312
404 20
404 323
683 43
404 470
683 56
404 317
683 465
404 364
683 18
404 202
404 125
159 237
168 235
168 235
441 56
441 296
683 56
657 94
608 275
753 32
753 32
608 275
546 125
753 423
515 440
515 272
779 43
779 341
462 173
681 298
855 228
191 356
571 52
571 56
571 296
18 76
856 407
18 2
323 319
18 46
18 446
231 32
323 43
856 8
323 185
47 20
164 312
821 14
17 94
17 94
537 90
537 90
17 385
851 43
851 423
851 56
851 75
851 196
851 228
625 185
625 20
625 317
625 364
87 492
850 103
850 500
850 104
850 526
850 253
850 237
854 2
854 75
854 32
854 117
854 289
854 13
67 80
67 293
18 2
52 173
534 75
36 289
798 407
810 253
810 103
810 289
102 93
102 74
650 43
478 24
327 489
327 489
540 265
327 292
332 477
327 64
194 74
327 44
124 30
102 74
327 403
290 95
290 22
290 138
290 524
265 20
275 117
569 385
205 21
572 103
855 228
71 255
607 150
607 150
798 475
854 103
854 2
854 75
572 103
798 387
798 387
36 289
461 295
56 423
56 423
56 423
629 73
828 59
629 423
629 41
677 369
677 86
677 406
194 74
44 295
624 385
624 160
624 2
358 195
856 533
358 425
138 2
164 289
719 26
719 48
67 489
600 477
67 27
67 208
67 43
600 317
510 321
857 36
197 228
197 228
857 434
651 345
650 475
321 201
742 173
321 191
284 201
742 241
321 229
360 434
159 298
688 24
360 87
18 2
360 93
851 228
176 104
176 338
593 76
650 81
44 317
803 345
273 248
273 248
194 93
798 475
164 229
23 482
847 385
847 385
847 289
847 289
810 208
810 289
847 11
847 15
847 15
38 379
38 395
290 241
290 406
290 208
45 241
45 173
628 295
856 41
249 196
98 116
856 202
624 385
624 385
321 229
277 14
277 73
704 289
450 73
277 73
478 24
657 75
657 94
683 43
607 152
683 56
321 457
102 93
102 74
102 59
441 191
137 173
441 296
441 457
164 208
534 75
124 208
4 73
194 74
194 93
358 59
744 208
744 248
744 15
358 93
671 59
563 238
656 393
570 259
277 73
520 202
850 104
850 365
538 24
270 80
390 341
390 303
109 48
836 241
836 173
836 523
392 3
265 208
810 131
810 451
242 208
589 387
332 477
275 80
275 59
290 241
290 208
149 36
149 322
149 502
546 489
630 477
810 489
138 488
109 48
468 191
142 59
626 298
100 82
827 59
600 477
275 117
290 182
520 131
856 281
89 297
268 298
4 73
224 365
562 387
56 488
242 355
138 488
138 422
681 298
45 489
836 489
854 75
268 298
268 298
158 231
158 2
498 135
633 298
850 365
850 365
17 94
17 385
282 250
855 228
47 82
90 423
629 423
629 41
629 56
722 355
758 263
758 103
725 41
396 178
396 155
688 24
703 215
246 172
810 489
810 82
762 36
309 121
626 95
626 237
626 291
742 173
742 241
742 477
624 231
742 39
624 2
164 82
164 180
851 43
851 56
851 86
851 228
625 489
392 237
164 131
810 131
138 2
661 74
164 465
594 196
164 131
164 451
164 185
556 208
478 24
534 24
