679 1176
1423 341
442 1184
341 1423
41 277
1423 341
733 144
1165 713
1517 449
19 1430
19 1430
733 1423
871 988
475 1105
733 1423
1423 733
309 754
1021 191
733 1423
1021 1508
85 733
332 352
601 1517
733 893
85 733
1517 601
601 1517
942 377
716 713
893 733
912 1513
1178 194
706 1531
1178 1051
9 282
9 1501
835 261
919 733
1489 209
1440 1509
1449 1021
1132 1425
118 194
852 276
852 276
852 276
1113 1517
1379 194
1379 713
204 1227
985 983
1433 635
600 847
950 353
1101 713
1532 852
600 847
899 271
701 193
1507 1019
794 1401
42 919
42 394
191 1021
781 1528
1184 1508
1184 442
781 1515
1438 294
323 298
323 341
298 323
323 298
323 341
781 1365
1520 716
781 1426
781 1426
42 323
42 573
781 988
781 386
1356 1509
1356 852
146 312
1244 1275
42 72
42 72
42 69
105 1444
542 379
9 282
635 725
342 1406
342 1015
1224 1406
595 1526
582 626
114 770
1179 1509
483 821
1533 1489
1393 1180
1393 919
1393 283
509 1026
337 263
509 316
1189 713
1215 1083
1189 626
606 1502
1167 483
1507 1534
1502 606
1189 454
41 473
41 713
606 1502
42 1534
710 646
36 211
1523 1518
1523 626
1313 507
1313 733
1416 713
735 276
620 27
1509 1356
72 303
1281 1356
586 145
704 297
1489 1533
1101 375
1434 1535
1489 42
1026 615
1026 509
518 1488
1026 1517
831 1199
518 1536
1075 708
561 38
1532 852
768 797
1532 852
852 1356
1401 794
1235 1468
626 1189
626 1523
483 821
67 1489
12 366
30 132
245 194
1440 42
95 1385
1113 1517
635 1433
95 311
635 725
615 1026
1127 1015
676 394
635 725
966 852
605 431
725 635
233 193
635 725
329 1537
1365 643
1365 1393
67 1538
725 635
307 189
36 189
1402 95
454 1189
36 211
72 303
1136 376
1406 1224
1406 928
817 981
1036 792
1189 626
68 893
1189 454
504 1517
495 1213
495 1433
495 1367
495 172
495 1517
36 189
1113 1493
779 713
483 821
1328 239
617 1539
1224 1406
1539 938
283 1393
1285 1021
1211 1377
810 233
1377 1211
114 770
1211 1377
1393 1365
1393 283
357 1190
439 1449
357 1387
893 68
1539 1452
1364 282
1452 1539
735 1168
124 449
357 449
9 1285
620 1211
283 1393
620 27
908 352
1406 1224
1489 1289
282 1364
67 798
67 908
299 1175
1539 402
552 326
823 285
1463 402
1539 152
592 545
592 377
1539 152
1026 615
615 1026
706 1236
615 1026
376 824
823 1525
1440 1509
1359 1497
326 552
598 1538
1339 173
324 1537
1504 738
1354 42
1540 1440
372 1529
1540 1179
1183 376
1328 1178
1440 1540
114 770
103 1395
1339 1344
333 314
1437 1332
1437 1454
1323 938
1113 1541
1489 1289
483 821
938 1323
103 893
938 1323
883 326
1323 938
938 1323
1033 1281
1033 194
1542 42
193 233
1189 1282
1189 626
1542 1282
41 473
41 642
1136 376
41 1248
41 1542
41 1136
32 1015
32 1543
429 1449
103 429
103 1231
621 1544
103 462
1508 1184
1508 1021
1332 1437
704 1231
1393 283
704 1231
704 1231
193 63
1021 1285
704 1231
1540 1440
63 193
704 297
1332 390
1332 390
1332 390
1342 1335
1433 635
1507 1410
507 1313
376 1183
1545 1332
1332 806
63 923
447 124
1440 1540
1036 299
400 601
1522 220
1545 1332
1545 1332
220 1522
400 474
1540 1440
1542 1282
326 883
103 1231
635 1433
103 1431
193 63
421 1069
103 1518
1463 373
63 193
283 1393
674 282
1291 1335
787 1490
9 1510
643 1365
1426 339
787 1339
582 626
1255 1332
617 431
1468 1339
878 1540
1339 787
1339 1468
1479 658
810 1540
1393 283
878 1540
263 337
422 308
1543 282
878 1540
714 1540
1026 615
1534 42
830 1426
605 431
1 1440
1 1440
249 1504
249 1541
1546 32
810 1540
1158 713
615 1026
983 985
1468 1339
787 1339
1184 1508
103 1308
483 821
323 514
1546 1547
1244 615
1540 1548
658 1479
1244 338
704 297
994 1540
483 821
212 1507
1185 676
495 1433
1326 85
547 1246
1181 1545
1013 85
1013 85
1517 1026
1246 99
99 1246
1517 504
109 32
1246 99
85 1326
372 864
1083 85
1069 421
42 1534
509 1026
143 201
1246 547
85 1083
294 1549
1550 1547
1397 294
1285 1021
1521 1501
878 1489
878 1489
447 124
143 1339
1359 1342
1489 546
1489 546
1339 1546
1546 1339
878 1489
143 1339
1158 1377
212 1551
1546 1339
1552 1553
1551 212
1546 1554
1553 1552
1552 814
1552 1553
1553 1552
442 1184
1440 1517
339 1426
400 474
1517 1440
483 821
453 516
1142 1517
400 1555
400 1555
704 69
1520 504
1556 1557
483 821
42 754
1189 1282
871 409
400 1419
1189 454
42 1558
714 1493
1412 372
42 1559
1377 1158
1551 212
810 1412
810 1412
278 883
42 374
1517 1142
1189 475
792 372
502 1189
1416 400
1416 400
1412 810
400 1142
1416 85
810 1412
1101 1493
1509 1440
1189 1560
502 400
221 1561
1280 9
1562 1517
1561 221
502 1189
345 259
400 1416
221 1323
1415 42
502 400
1189 1520
1189 1520
221 1282
502 400
377 942
1493 714
502 400
72 303
42 1415
1520 928
502 400
502 400
1431 342
846 132
704 72
704 72
1539 1563
1539 1563
883 278
1431 768
48 1015
1545 1181
475 400
400 475
475 400
176 101
1489 546
1564 1565
1472 1375
1564 773
799 32
342 1431
400 475
1405 516
1405 1373
871 1412
132 846
342 809
114 770
1440 1509
1440 1075
1440 1075
1323 221
1509 1440
398 465
398 465
398 465
398 465
103 1431
1359 1342
1189 475
32 799
1189 626
799 32
103 1487
103 1487
103 1346
1440 1509
1189 626
32 109
1194 1014
1189 322
103 1362
1417 752
3 687
1434 174
1434 1344
103 1417
103 1362
103 1362
103 1362
103 1362
1373 1405
483 821
1566 547
103 1362
547 1566
103 1362
103 1362
103 1362
103 1362
257 42
103 700
967 72
103 1217
103 658
103 282
103 1487
1018 1567
257 809
1142 400
212 1551
42 257
735 1168
41 1554
465 398
212 1289
752 1417
103 1540
1253 768
735 810
103 1554
1362 539
9 1501
103 1568
752 1362
173 1339
103 220
924 1158
103 697
103 1554
470 621
1568 1569
1569 1568
1568 1569
1568 394
1539 1568
1339 173
843 285
342 1362
128 1510
321 392
1101 1493
1179 1540
1066 1497
1534 42
1362 342
843 885
1501 356
768 1431
1339 1308
687 438
582 626
1026 615
739 438
1026 509
578 1284
1339 1308
1285 1026
569 967
103 220
103 1554
392 321
1026 1285
1447 1570
128 1510
1364 282
1189 546
482 1489
483 821
483 1167
1313 507
1548 303
372 792
372 792
502 1285
318 1127
1361 1183
318 984
856 1
1489 482
1167 483
859 1403
859 1522
615 1026
967 1489
617 734
276 852
1387 615
1387 615
704 63
1272 768
1313 483
1215 793
1026 615
843 1195
1556 1571
103 1554
1075 1440
103 1468
1468 1235
1436 573
1436 573
1540 1179
1540 1548
1489 209
738 1504
103 1540
103 1468
143 201
356 1501
249 1561
846 132
103 1540
211 128
103 1540
309 1508
1429 1572
483 1167
483 1167
483 821
103 908
1365 1393
1013 697
1365 643
1510 128
1540 1548
1101 1493
103 277
233 193
734 617
735 810
1540 714
233 810
303 1548
303 72
103 864
573 1436
847 1566
1358 509
1403 859
103 1497
810 735
72 303
770 44
1397 294
810 233
1397 523
621 470
1158 924
44 770
155 233
928 1520
928 1406
32 983
9 1313
12 282
12 1313
824 376
1556 711
617 734
1556 711
617 250
1397 823
1556 711
801 1246
1572 1429
12 282
1556 711
1556 711
12 282
124 447
1397 823
1397 823
1190 394
394 1568
233 155
557 63
12 282
32 1081
1255 1332
1346 1314
12 282
12 282
557 792
509 1026
1507 212
1539 734
704 63
569 1313
114 770
114 103
1433 983
704 502
483 821
1401 928
518 1488
447 124
163 1208
792 557
792 372
704 204
32 1573
792 1036
254 1573
1539 204
1539 1573
1539 1573
1540 994
1573 1420
1573 788
679 1574
29 85
12 32
1540 29
1573 728
1546 1573
704 204
12 1297
1573 729
193 233
29 1540
12 32
1310 1575
704 822
704 822
12 32
1489 1533
3 32
9 1573
32 3
103 114
103 1540
1539 523
8 1522
735 518
1545 1557
1521 254
735 1575
735 810
1021 1285
1521 254
3 32
1521 254
569 29
569 29
9 1521
731 824
1509 1440
1434 174
12 8
598 1576
967 963
3 1577
701 326
128 1510
1568 394
967 963
859 1403
1255 67
1440 1509
1578 751
1255 1332
1578 1448
495 1043
250 475
495 1213
3 1577
518 735
3 1578
1178 1397
474 400
1 856
1579 701
1580 32
474 749
840 1397
3 1577
495 1433
495 1367
1313 507
1313 507
475 250
1190 1568
1577 3
538 1581
1313 1014
67 1313
1580 1190
967 963
12 1313
3 1577
12 8
1577 3
103 1231
393 1190
495 67
1568 1190
67 1313
103 495
67 1313
105 1573
871 1568
1580 1329
1043 495
1043 495
1580 1329
12 8
32 3
871 1568
704 1578
12 1387
1580 1329
42 1561
174 1434
67 1313
53 1508
233 193
103 1554
1554 103
1580 1329
103 1554
1580 1329
1312 308
105 1387
357 1568
1580 1329
1554 103
233 810
103 1554
357 1521
1313 42
1554 103
103 1554
1312 1013
357 967
1554 103
1580 1329
1540 29
1313 242
1036 792
103 1554
1554 103
19 1573
919 103
357 1582
1421 485
1580 1329
541 400
357 1304
1282 1542
103 919
617 734
617 250
871 1568
617 734
704 1580
1282 221
704 1231
617 734
523 1539
681 1118
483 1313
1118 681
9 1312
809 342
681 1118
1118 681
809 257
67 1231
704 617
250 617
67 1313
704 1580
708 949
1313 483
103 617
704 1580
704 1580
681 1118
708 865
788 1573
1118 681
708 812
1546 32
67 1313
103 44
63 557
67 1573
483 1313
1014 1313
1313 67
1343 1359
1313 1014
1556 711
1343 1342
569 250
67 1313
1342 1359
1343 1342
1342 1343
1286 1343
1343 1286
1342 1343
1343 1342
1546 32
1343 1342
810 735
1342 1343
1286 1343
967 90
1342 1343
1343 1342
1343 1286
1579 1313
1343 1342
681 1118
1286 1343
810 233
1343 1286
103 1343
1342 1343
1342 1343
1286 1343
90 967
1343 103
1556 85
1343 1286
1342 1343
1286 1343
1343 1342
1343 1286
1286 1343
967 90
1342 1343
470 621
1343 1286
1579 85
1286 1343
1556 85
1579 85
704 1580
704 1580
1579 85
640 1468
1437 1332
1583 297
67 32
1319 616
1579 615
1556 85
1489 155
483 821
1489 482
919 103
919 42
317 307
1556 85
1579 356
1500 1447
12 1286
1447 1500
376 824
1579 85
1489 155
1500 1447
103 919
317 307
1489 155
1038 1489
1433 495
615 1579
1556 85
317 307
1556 1281
1489 1038
1556 475
317 307
1556 1400
317 307
1556 475
620 27
1556 475
620 27
214 1573
1556 475
620 27
547 1246
1489 155
1575 735
1493 1113
1575 1310
1556 475
1393 1365
1493 1584
483 821
1556 598
621 470
681 1042
1584 1493
1493 1584
317 1534
598 475
9 788
658 103
475 598
103 1585
658 193
103 658
1416 400
53 308
878 1585
9 1313
9 1521
9 1510
9 1338
12 1286
605 734
598 475
1246 547
12 1297
42 919
42 72
9 740
9 498
9 1342
1545 1586
53 9
239 1328
1359 1342
12 1485
53 9
1189 1184
1546 32
1545 12
1545 12
1562 928
1189 502
1280 9
103 1585
1402 1447
1359 1343
598 1562
928 1562
928 1401
475 598
1297 12
72 42
42 72
1562 598
1562 928
103 109
193 658
1573 1173
1173 1573
1573 1173
1231 67
1556 1246
626 582
878 1585
821 483
1018 1585
1328 239
9 32
581 328
581 328
1101 1493
328 581
1173 1573
328 581
928 1562
1556 1246
1585 1018
1018 1585
482 1587
878 1587
546 1587
1556 1545
1562 928
1573 1173
1556 143
714 1587
1501 356
714 1493
1556 893
1520 928
704 63
714 1540
1556 1557
1520 928
1018 1585
176 101
1587 714
1518 1523
852 966
1518 103
1521 42
847 1521
1556 1545
1014 1313
1185 1587
847 1578
1510 128
1556 1545
356 1501
714 1587
928 1520
1185 1417
103 1518
482 204
482 389
1520 928
1489 482
735 518
605 1185
1489 681
1185 1444
1489 927
735 810
605 749
735 1575
1444 105
1444 105
219 1181
1043 1585
605 749
1489 878
1556 1400
1489 878
1556 1402
1489 878
878 1489
1546 67
1489 878
1587 714
1489 878
1556 1281
878 1489
9 1521
1556 1545
1489 878
1383 749
1185 1383
9 1521
9 1521
1588 502
878 1587
878 502
1556 1545
1588 1284
714 1587
41 541
41 1580
1588 502
41 1589
41 616
1556 1582
41 3
482 1489
1556 1231
9 679
878 1021
1556 144
1542 1282
298 518
913 484
1281 1556
913 847
144 1556
1556 1281
1383 1185
144 1556
1185 1383
1556 144
9 1185
9 679
1590 1489
144 1556
1326 58
372 1542
1006 1448
372 878
878 372
249 1573
871 1448
144 1556
871 1448
9 679
144 1556
871 260
425 765
297 1583
1564 598
144 1556
1545 1591
144 1556
1546 67
105 1444
144 1556
144 1556
620 27
704 63
781 3
1546 1592
560 323
762 1489
762 1505
762 1585
308 1312
762 1496
1189 8
762 992
762 1497
762 626
762 1593
1021 878
1594 1033
1180 1393
824 731
1402 1556
1587 714
1548 303
1280 560
342 1362
342 809
1013 1312
250 569
865 708
53 308
32 1546
560 1280
1255 1332
1575 735
1586 1545
1586 1556
1586 1595
980 710
569 250
626 762
735 1575
1272 768
53 308
470 621
32 1577
394 1582
1596 808
1393 1180
1365 1393
1585 1018
1585 1043
1018 1585
1585 762
44 103
582 626
701 1579
582 598
701 317
1253 50
103 44
822 704
294 1397
847 913
620 27
1072 800
1594 1377
29 1540
1072 1158
29 569
1072 878
103 1072
29 1587
639 103
639 19
620 27
1312 1013
1312 308
878 1072
1312 1344
639 103
350 1551
557 63
620 27
1393 1365
1013 1312
1031 1109
626 582
1158 1072
801 1246
801 249
620 27
1339 1546
494 389
1013 465
83 1244
1033 1594
1386 1580
1585 1033
1579 342
1579 701
389 482
389 494
1280 560
3 36
1415 42
3 781
704 958
958 959
958 704
9 1196
67 1546
3 72
465 1013
3 32
3 1440
3 36
1556 1586
1556 1402
1339 1344
3 36
204 482
204 704
204 1539
1497 762
1570 1447
1101 1493
765 425
482 389
482 204
1582 394
1551 350
1585 1582
1284 1588
1582 1585
95 1246
95 1393
95 1402
389 482
768 1272
95 1573
950 389
1502 238
908 103
768 1272
95 1118
317 701
3 36
41 610
41 616
41 1463
823 495
823 103
95 299
801 1246
41 1142
41 439
1489 482
41 1253
41 1339
41 1485
282 1364
95 1365
1189 322
1489 762
322 1217
323 560
282 1543
621 470
1397 294
621 1063
1436 573
1253 768
3 44
768 1253
1578 847
1375 1472
1578 337
700 337
249 44
561 95
495 823
1562 1436
470 621
1508 309
1562 823
617 250
1546 67
1546 1339
12 1297
1368 1142
1253 768
573 1436
12 101
1111 1582
309 1508
103 1169
1136 762
1169 728
768 1253
3 135
1031 831
257 42
509 1587
257 1597
1556 1281
1181 219
278 1039
615 329
621 470
1217 322
67 1217
58 1326
1039 278
482 389
1189 322
1314 252
1487 50
1072 1158
809 257
1227 326
1246 95
278 1039
1118 303
704 958
1489 482
1546 1436
27 1031
1158 1072
704 475
303 1118
482 194
32 1577
1387 105
919 42
751 822
1313 507
389 482
389 950
1447 1570
1489 546
103 919
1447 1402
1489 482
1489 1588
1489 482
322 1217
886 768
495 1043
447 124
1598 645
986 163
470 621
1598 984
1598 986
986 1265
679 986
1522 8
679 986
632 272
507 1313
474 1208
1598 632
1522 220
1522 1587
1598 560
1598 1329
1598 88
1598 32
1346 1314
1598 1599
1598 32
1598 32
1598 322
286 202
1598 32
1598 1542
1598 667
1582 1111
801 1246
582 626
1246 801
1598 155
1598 881
1598 735
1598 710
1598 475
350 1551
1598 919
1598 801
1598 710
1598 1344
768 1217
1598 341
1598 710
1598 667
1598 1187
710 610
1598 341
1598 667
1598 44
710 1489
1598 1262
1598 341
1598 332
1598 654
1598 777
1598 841
1598 1265
1598 1265
1598 654
1598 1039
1598 1265
1598 549
810 735
1598 549
967 549
1598 1265
1598 549
967 549
1598 549
1598 1265
967 549
569 29
1598 1265
704 475
1598 625
967 549
1598 1514
1598 967
1352 1580
823 549
967 549
42 919
1598 1252
1598 356
1598 341
610 710
1042 681
1598 356
1598 1136
1489 710
967 549
823 549
1598 1246
1489 482
29 569
103 919
1598 393
967 549
1598 1174
823 549
1496 762
1598 1487
549 967
1598 1174
1598 356
967 549
823 549
1598 345
1521 847
1598 1496
1598 1591
1578 751
1598 1107
1578 847
1598 1227
1598 1558
1598 1561
1598 1487
1585 1033
12 1297
1598 1168
1598 1487
852 1440
1598 1227
1440 1419
3 1440
32 1196
547 1246
357 1585
66 282
704 1585
1285 1021
1196 32
357 617
1231 67
1540 29
1056 212
1285 1600
536 372
1326 58
1601 617
1105 1154
822 751
639 19
32 1577
449 124
1285 97
366 1349
1520 449
1105 1440
1601 774
1440 1105
32 1577
483 821
1601 525
366 1349
1575 735
1105 1440
1440 1105
546 598
1520 1513
32 1577
810 735
1158 1072
679 1574
1580 1386
581 328
1580 95
12 8
1580 1352
1539 1039
581 1602
581 1602
1539 1582
1598 1344
1598 984
1585 714
1598 1344
1520 451
1520 451
1520 451
1598 1485
1598 598
1598 568
1142 1368
1598 1282
1598 85
1190 393
1598 1195
1598 1168
1585 1190
1190 1582
1598 1359
1598 1190
1585 1190
1585 1190
1282 1542
1598 398
1598 708
1598 1304
1520 460
1534 317
1598 1282
1601 1282
1598 85
1585 1043
1598 1195
1598 658
1598 337
1598 1282
1585 303
1601 1282
1601 1282
1598 254
1598 50
801 313
1313 507
1313 1014
1189 8
502 933
1598 254
1598 1176
1598 254
1598 1597
1601 1540
1601 1282
1362 342
303 1215
1598 299
843 1195
1601 1282
1598 299
1598 277
1489 482
1362 302
1489 1533
1598 327
1472 1375
1576 598
1598 398
1598 398
704 475
1313 1579
967 303
1520 513
1520 513
1598 1215
1598 398
1598 398
1215 303
1598 398
1598 1479
1598 398
1598 1472
1375 1472
1598 398
1598 1006
1598 398
1598 398
1598 398
1489 546
1598 398
1598 398
1013 299
1521 847
1158 1585
1013 1489
518 298
303 1215
1215 303
518 298
393 1190
1158 1594
67 430
1603 1517
303 1215
518 298
1603 1517
1489 546
518 298
1594 1158
1292 598
1362 252
1517 63
303 1215
1517 63
912 375
53 1349
53 646
621 470
1255 1332
1594 542
63 1604
810 233
1605 779
1339 543
63 912
912 63
1314 1346
1314 252
912 63
1562 1346
778 974
1517 63
68 323
1562 1068
1562 1068
495 1043
1556 1281
1556 1586
1556 283
1606 885
495 1043
495 1043
1562 1068
1562 1068
1562 1068
878 1189
762 1497
762 1496
919 303
919 870
1165 621
1165 938
1520 1036
375 912
1539 437
1033 1585
1033 1605
569 1313
1489 546
1489 546
793 1215
1539 1056
372 536
372 1540
1265 938
938 1265
542 1594
1539 1024
1281 1556
1497 762
1497 1594
1542 1282
32 1577
32 430
1579 1313
949 708
1585 762
470 621
36 189
950 389
1329 526
536 372
1362 252
1362 342
514 762
713 1379
713 716
713 714
1548 1063
1548 303
1596 1607
942 1417
303 919
303 1548
557 792
1578 847
871 1608
1575 735
337 700
322 1021
1253 768
518 1488
919 303
42 1440
53 1551
912 375
594 752
425 765
1440 42
1313 1579
615 329
8 1189
1313 569
1539 708
1362 1608
9 1558
1199 831
1539 708
1313 1579
163 986
994 1540
1539 1402
1539 1402
1594 542
1594 1497
1539 1402
1387 12
1540 994
1540 372
507 1313
768 1253
67 1313
3 1609
1313 569
1313 569
831 1199
1313 569
569 1313
1313 569
701 317
1387 67
41 1497
1313 507
372 1540
189 36
42 1582
393 942
1540 372
9 1313
257 1610
1577 32
1072 1158
1575 735
350 1551
1603 334
95 561
95 299
95 1118
1603 334
95 1246
334 1603
95 1393
1520 1036
95 1365
95 1580
95 712
95 1393
621 470
1562 598
1582 42
1158 1072
124 447
124 449
1562 932
942 393
1582 1526
95 1118
319 1075
421 1436
95 1251
1611 1612
95 1385
792 557
883 245
1393 1613
372 1540
810 233
1118 95
546 1005
1005 546
483 1313
1365 95
1365 1393
1614 1603
871 1608
710 610
283 1556
1576 578
42 1597
1 42
507 1313
1075 319
53 1615
768 621
768 621
42 1
1576 823
1497 1594
41 1497
1059 1603
1521 42
1521 42
42 1365
1059 548
1521 42
1521 42
1475 1608
1521 847
1608 1475
447 124
1539 8
1539 8
1521 1118
12 1118
1521 1118
12 1577
12 1577
1539 1068
1539 1068
1598 337
1598 1329
1598 322
1598 881
32 378
1598 777
1598 1174
1539 1068
1598 1176
1598 1344
1598 841
1539 1068
1598 1165
1598 1165
1594 1497
1598 1006
1539 1068
1539 8
1539 1068
1539 1068
1539 8
32 8
1598 893
1598 1281
1598 539
1598 214
12 1577
357 1603
342 1039
1539 1039
1539 1039
1282 1542
389 950
1065 538
53 87
1539 1299
1539 1299
950 389
353 298
249 44
249 801
1184 372
1539 69
1539 69
1539 69
1539 1184
1393 1365
751 822
1616 1539
342 1039
1562 1517
1539 958
1539 958
1542 1282
822 751
1539 958
1539 958
1539 1188
1253 85
821 483
1565 278
1565 1564
713 749
713 1165
713 1528
1313 483
1313 507
600 847
1539 899
67 1603
1255 1332
299 95
1539 154
1520 1036
1539 154
1539 154
1539 576
1313 67
704 958
67 1313
870 919
546 1255
1489 308
372 1184
1522 1184
1522 1565
276 852
1565 1252
303 919
303 919
1021 322
1539 437
1576 204
1539 1103
878 598
1588 517
1440 1183
1440 1419
204 1576
1252 1565
1556 283
1565 1472
1489 878
1472 1565
1565 1472
1577 1556
1565 933
1556 1577
1565 933
1283 1617
1565 933
933 1565
1189 8
1598 337
1577 1556
1472 1565
1598 893
1565 1472
1598 337
1539 1618
681 109
1603 357
1603 67
245 883
792 1036
298 353
272 632
792 1036
1565 1379
50 1616
713 546
713 1588
199 1582
163 1208
1616 50
1496 762
36 189
852 276
313 801
1616 1173
555 598
145 586
752 594
1539 1338
809 342
1539 1131
41 1497
1539 1131
308 1517
308 60
1517 308
1539 437
1539 437
1539 437
338 1244
321 392
523 228
1578 847
1578 847
1578 751
809 209
1314 1346
799 199
509 1026
9 1338
3 252
1021 1449
781 1550
582 1261
394 1190
801 313
283 1556
1539 1585
713 546
1539 8
1539 8
12 1577
95 1393
1292 242
1255 546
1272 1280
1539 1402
1280 1272
9 1280
203 475
1539 527
1036 1520
1036 792
1036 1123
1036 507
27 620
1619 1402
50 1616
1185 1173
483 821
297 557
1265 938
812 708
1616 50
389 950
1487 161
27 620
1619 175
1339 605
950 389
1352 1580
600 847
1601 605
1601 1282
799 199
1190 393
1539 1620
1539 1620
1190 62
1616 1173
1619 1511
1190 1349
1616 1601
1565 620
1539 1620
42 1621
1539 1620
821 483
1598 777
620 1565
1601 1616
1598 768
1601 1616
1598 337
483 821
1598 1227
1565 620
810 233
810 233
1582 199
357 1603
712 95
1539 1622
1014 1487
1616 1173
1539 997
393 1190
317 1184
395 447
1173 1616
1059 1603
1244 338
27 620
1623 525
620 1244
713 714
1244 620
713 912
733 964
103 1238
60 308
447 395
12 1577
199 1582
733 1118
733 1608
733 1608
733 1608
733 626
1158 1565
323 68
1489 878
198 101
1284 950
1624 733
967 733
1624 733
447 733
733 447
967 303
1169 733
447 733
1619 712
1365 42
1624 141
547 527
1624 224
1624 234
53 1551
409 563
53 1623
1184 317
103 658
1184 1550
103 409
298 573
967 303
341 793
189 36
220 1042
1539 1131
605 1339
605 1601
620 1565
605 297
525 1623
103 658
704 734
308 60
509 1050
509 1026
1601 605
605 1601
228 523
1601 605
605 1601
967 303
1039 1316
1487 1014
1601 220
220 234
1601 605
220 1601
1454 1437
967 303
1423 1158
1619 220
1601 220
234 220
967 303
27 620
967 303
487 598
950 1284
950 1284
27 234
366 67
366 1601
1585 1043
1578 847
1578 342
41 1585
502 933
639 19
1598 1585
686 1625
1598 726
67 277
103 1598
67 69
103 639
1626 1
768 1598
1582 199
27 1598
1043 1585
1436 421
781 1314
1539 1299
964 733
282 1627
1619 781
1619 781
1619 781
1619 781
1158 1423
41 1585
233 810
1158 1585
1158 1423
1575 735
1284 950
220 1601
220 234
536 733
1585 1043
234 220
103 409
1281 1598
389 950
967 1158
1527 144
67 318
67 318
600 1454
199 1582
1072 1158
1158 1072
1158 1072
1158 1072
1158 1072
1158 1072
1158 1072
352 840
547 712
547 712
547 712
967 1158
821 483
950 1284
950 389
176 1603
1196 155
626 733
1578 847
1578 342
1585 1043
155 1196
735 1575
1127 405
735 810
1509 352
725 1260
1582 199
105 585
352 1509
103 277
525 1623
103 899
103 1015
357 1359
19 639
1 1626
143 357
1359 357
3 60
1042 220
615 823
1619 297
1619 712
852 1611
852 1611
224 1624
852 1611
605 1601
1105 840
852 1611
704 734
1626 1
145 933
145 644
1625 686
1396 669
1 1626
1 312
1 1626
507 1036
1619 1100
103 908
103 758
1619 758
758 1619
704 734
1619 758
1624 224
1624 234
1043 1585
859 725
810 233
1539 1338
1624 1518
810 1624
1624 810
1009 463
1548 1598
509 893
1548 303
327 1598
224 1624
1313 507
342 1255
389 950
389 1576
1539 1628
1313 507
704 734
68 323
704 734
1522 1184
1522 1598
1624 224
224 1624
704 502
704 734
704 502
1362 342
713 733
1522 1616
713 912
1522 859
174 1231
810 1624
72 1316
176 1603
1624 810
809 342
704 1603
1522 175
103 874
103 437
704 734
1196 155
1196 155
704 734
1539 1196
342 1050
143 357
143 357
560 1629
233 810
342 389
1565 1379
810 1624
810 233
389 342
1546 1619
1619 1546
103 1419
1568 1042
1339 474
53 1585
1026 509
1314 781
547 32
27 620
475 203
1539 154
1339 605
1543 475
704 1565
1565 1379
704 734
950 389
704 734
475 1543
704 734
249 1629
103 1238
422 1299
103 1238
1231 1339
495 1630
249 1608
919 303
155 1196
800 1072
103 919
1339 323
1339 1069
1576 578
704 1231
249 1362
704 1231
474 1339
32 547
704 1231
704 1231
547 711
812 708
704 1231
1339 474
547 711
704 1231
620 233
704 1231
547 711
233 620
594 752
233 810
547 711
973 254
1594 219
219 1594
697 1631
547 711
679 919
547 711
1594 219
711 1623
620 967
1545 259
679 919
547 711
605 1339
679 919
605 1339
1539 1255
967 620
781 1314
620 967
967 620
354 1373
617 734
617 734
1624 810
474 1339
617 734
617 734
1282 1601
617 734
620 967
617 734
1616 1173
605 734
617 734
1407 1189
605 1246
725 859
1227 1238
1616 1601
1616 582
799 302
1619 712
1281 1033
1238 1227
1339 605
1339 474
1539 1632
1314 781
1578 342
799 302
463 609
538 1065
463 1009
1282 1542
1521 852
1575 735
249 302
1576 1248
749 1487
517 1588
495 933
495 1213
495 498
495 741
1542 1282
249 708
405 398
741 495
768 1304
193 233
1304 768
1539 1346
871 297
323 68
323 1339
1175 299
298 323
871 1603
298 323
298 323
1489 878
1158 27
1539 599
871 1603
1189 483
1189 1407
103 495
103 1603
600 1454
1105 840
193 63
323 950
103 1603
103 462
1507 42
1175 299
1396 1618
193 282
193 118
1576 1034
193 1633
193 63
1297 800
704 1603
1393 95
193 85
1413 800
392 321
967 193
1537 324
676 1206
1537 329
704 1603
1616 254
1539 1206
143 357
950 323
1539 1039
498 495
1616 582
1543 475
704 1603
298 573
1585 1043
172 1603
338 1244
1539 1039
1543 63
1543 475
507 1313
1603 172
1543 282
298 573
620 27
1616 582
298 573
298 573
768 1304
1616 940
1346 1314
398 405
1616 582
1039 1632
582 1616
643 1365
298 573
298 573
298 573
1616 940
1244 338
1184 1522
67 1565
687 1616
1304 768
234 1244
1244 234
1565 67
1565 174
555 1634
1378 1635
53 1585
1252 1616
1616 1252
1616 1252
713 878
1565 174
1252 1616
713 714
713 546
1252 1616
1565 174
1616 1252
1491 132
1189 502
1252 1616
1616 1252
1565 176
53 1636
53 1636
1383 1636
53 1636
1378 1635
53 1636
53 1636
984 1636
1539 1056
1539 1056
781 1314
201 1616
679 963
1565 228
103 72
1009 928
1009 752
1009 177
321 392
342 1578
42 1507
132 1491
509 1026
509 711
557 297
299 1175
299 1175
299 1175
523 228
1127 69
1 161
27 1158
27 620
1623 711
713 912
713 546
713 884
713 878
713 842
713 271
713 749
103 462
53 1623
840 1105
509 840
859 1522
1503 1502
809 1522
809 342
321 277
847 1578
713 509
523 615
1630 495
620 27
799 1608
219 1594
1539 753
793 863
1539 1299
346 1616
1365 643
1365 1393
1539 1299
1314 781
1253 1365
1539 1637
432 1587
1539 1637
1314 1346
1638 1633
1488 518
27 620
254 973
254 1616
523 615
605 431
389 830
1629 560
1539 1346
495 741
495 498
1434 174
392 321
821 483
1539 1169
1173 1616
1539 1346
1162 913
950 495
392 1315
161 1
1539 1039
161 1487
1539 1510
1539 1510
768 1253
741 495
1510 3
1227 1238
378 32
431 605
617 704
617 704
1594 219
605 431
431 605
704 617
617 704
704 617
617 704
523 193
523 870
523 67
1539 177
177 1009
1539 177
1539 177
1539 1338
143 582
1539 177
1539 1338
809 257
1539 177
1539 1338
1539 1338
1539 177
831 495
1539 177
871 183
297 557
871 297
297 871
704 617
1052 1136
1113 1553
103 495
687 757
103 605
176 1565
1539 1639
1539 299
1539 1639
1539 299
1539 1640
1539 1639
1539 1640
1539 1069
1539 1640
1539 1069
1546 1619
1253 768
1033 1281
1033 1281
249 302
233 193
1539 1021
1565 176
1539 1021
1539 1169
812 1616
812 708
1539 299
1539 1169
234 1248
32 219
1412 810
1539 1169
818 372
1539 818
818 1269
1539 36
1539 1169
1539 818
1539 1169
1539 1169
1539 1169
878 1637
1539 1169
32 1338
1539 601
321 392
810 1412
1539 601
768 1253
1113 339
768 1304
176 1565
1565 176
617 704
176 1565
1365 1253
1565 176
704 617
1387 67
1387 12
1072 800
176 1565
1387 67
809 257
1387 67
768 621
3 1510
768 621
768 621
1158 27
95 1118
704 447
1158 1072
1387 768
1539 1443
518 1488
95 1365
95 299
95 712
95 1393
711 1623
1043 1585
12 1493
12 1639
1304 768
95 525
1641 95
523 176
679 67
95 525
768 1304
95 592
1539 378
95 525
1539 710
1642 679
95 1510
95 525
1304 768
1510 3
95 525
103 1021
95 525
1281 1033
525 95
679 1642
1339 1299
1642 679
967 193
103 899
219 32
1564 1565
27 1158
42 964
103 1231
3 135
103 1643
1387 768
1601 1282
1644 1539
1315 392
1637 878
1254 1234
704 1231
32 219
103 1231
1282 1601
1238 1227
679 1642
967 193
1642 679
1642 32
219 32
822 1642
1642 822
1642 822
679 1642
314 333
812 708
12 1387
1562 1299
878 1637
967 193
193 967
193 967
1101 713
9 1387
32 219
1539 1069
1539 1255
32 1642
1539 1255
12 1387
1539 1342
32 1645
713 509
144 1500
219 32
249 708
249 1645
1231 704
1231 704
32 219
1434 174
219 32
1539 1646
546 713
1539 1647
1539 1647
423 1497
1539 1646
871 297
1539 1647
392 321
1042 615
73 1646
1630 389
704 1231
1646 73
878 1647
73 1646
392 1315
1299 1646
1299 1646
878 1647
1299 1646
752 598
1646 1299
1646 1299
1255 878
986 163
297 871
1646 1299
1539 1647
871 297
1644 1601
1539 1647
871 297
103 1646
878 1647
1539 1647
1539 1647
1539 1647
297 871
1539 1647
1255 878
1539 1647
103 1646
174 1434
1601 1646
103 1231
233 193
131 1255
569 1522
1270 832
1601 1616
176 523
620 27
1601 605
1601 220
357 143
193 233
357 1644
1521 828
523 176
321 392
1619 1648
193 233
176 523
193 1646
1644 357
1489 878
41 523
103 1231
1255 1113
27 620
41 176
41 523
233 193
620 27
1641 1539
191 1097
27 620
193 1646
1097 191
1097 1270
620 27
193 233
389 1630
233 193
1646 193
220 1601
871 297
193 1646
220 234
708 812
525 19
193 1130
1616 1601
1130 193
193 1130
1130 193
27 620
1539 1211
494 389
494 389
912 713
1624 1253
193 1130
847 1387
592 95
620 27
1641 970
9 1313
1130 34
970 128
1641 970
27 620
1158 27
1624 719
27 1158
1158 713
1624 1500
1042 615
1235 1468
1158 27
643 1365
1189 1489
1485 1403
1641 970
1286 1231
1641 341
810 233
1009 177
1113 1565
1314 1346
27 1158
970 1641
12 1493
378 1539
561 95
822 1642
1113 544
878 1489
12 1639
103 1231
1624 719
1158 27
620 27
1113 544
1543 592
128 970
1113 544
1113 544
27 1158
12 366
1113 544
9 32
9 32
1113 544
9 32
193 1646
1158 27
1113 544
1616 1252
843 871
843 1237
1252 1616
392 321
933 145
67 822
1616 1252
933 495
843 1553
143 357
1237 843
1113 544
777 1639
1619 839
1619 839
1619 839
1539 36
1539 1021
1539 1021
1426 339
1426 830
338 1244
1426 1066
67 1426
1539 1021
1343 281
1619 773
1522 809
1522 859
1522 1184
970 128
1189 1647
249 1629
1522 859
1522 1618
1113 128
1285 1565
128 970
1285 1641
482 1489
569 1522
1565 1285
1285 1565
1113 544
1113 128
1539 659
1113 1255
1542 540
1539 1649
544 1113
1565 1285
822 67
809 546
1285 1565
1113 544
298 573
298 573
298 573
234 220
1248 234
1647 1189
298 573
546 809
843 871
1539 1647
843 1237
1113 495
298 573
1113 437
878 713
621 768
177 1009
1 161
1617 1283
1367 1485
1113 135
135 42
135 1356
1617 370
27 1158
1326 713
3 1510
135 1486
3 135
1113 135
1489 878
1489 482
1113 135
1489 249
3 135
3 72
1539 204
1539 1573
1539 1573
1270 1097
3 135
1270 1097
1539 1573
3 135
3 135
3 135
1113 135
1568 1042
135 1113
1539 1573
1113 135
1539 1573
72 3
1545 1556
1280 48
1280 48
1346 1314
1280 48
1280 48
1280 48
1280 48
1280 48
135 1
1280 48
1280 48
1280 48
1280 48
103 30
1280 48
103 30
1619 593
30 103
1280 48
103 30
30 103
1576 389
1189 1647
766 252
1033 1281
438 687
438 687
438 1319
1136 1052
1440 438
1649 1539
735 1575
482 1489
191 738
1252 1616
1 135
592 1543
233 810
1184 1522
281 1343
1272 1130
337 1641
964 42
964 42
1488 518
1069 1539
1646 193
1638 1646
1234 1254
536 933
27 620
1580 1352
249 1489
449 1520
1580 95
34 1130
1638 1633
832 1270
1500 1624
1624 1500
1500 144
1313 1403
1042 615
1313 569
1042 1568
615 1042
1042 615
447 704
9 1642
9 1649
9 1650
9 1647
9 1646
9 1643
9 1644
9 1648
9 1640
9 1651
9 1652
9 1637
1052 1136
9 1641
9 1622
9 1618
9 1621
959 958
9 1313
9 1313
9 1313
779 840
1254 1234
9 1196
1624 725
9 901
9 617
144 1500
738 191
725 1624
50 758
518 1488
1280 1038
329 615
329 1537
1319 438
95 592
95 1580
1403 1485
474 615
1403 1313
1624 725
768 1304
605 1601
1365 643
1289 700
389 494
389 494
1637 9
1489 482
1387 12
1387 9
1387 12
1387 847
1387 67
617 9
536 933
191 738
431 727
1281 1033
1642 32
1653 1603
1642 9
1619 1629
1255 1653
249 1236
282 193
741 1255
1255 741
741 1255
9 1642
9 617
9 1637
9 1387
9 282
402 681
1158 27
220 234
220 234
1158 1072
1332 291
1332 291
1332 291
878 1489
1488 518
615 1042
615 474
1136 1052
1624 281
27 1158
1578 342
1578 847
700 1289
1118 95
644 145
1317 50
1038 1280
1616 1252
495 831
495 950
1616 812
1442 883
1616 1173
495 741
1616 346
495 933
495 1113
1616 1522
1304 768
128 1113
1580 95
1255 741
482 1489
1072 1158
234 220
50 1317
970 1641
12 1387
12 1387
1329 983
1642 9
620 27
1642 1171
32 1642
812 1616
1647 1539
812 708
1158 27
12 997
1413 800
1647 1189
1158 1072
1647 9
1158 27
12 997
357 1644
357 143
357 592
1252 1616
871 843
370 1617
9 1647
9 1642
1158 1217
1217 1158
1487 749
1487 161
1487 1598
1575 735
518 1488
569 1313
712 95
1520 449
1520 912
1173 1616
823 1576
823 615
1130 34
1130 1272
1130 193
1510 3
615 823
27 1158
1423 1158
1130 1526
1130 1526
1130 1526
617 9
1312 456
1189 1647
1619 175
615 1130
1616 1252
9 617
1313 9
1647 1189
1313 569
1647 9
1647 878
1647 1654
1647 1005
1619 1641
437 1113
1619 1641
758 1619
1543 592
3 44
3 36
1313 1403
540 1542
757 687
859 1522
234 1255
1042 615
234 815
615 1042
193 1646
843 871
1033 1281
1653 1255
1488 518
281 1624
1344 1598
128 1378
1545 259
1545 259
1316 1039
1434 174
361 1436
753 1539
415 1624
1644 520
520 1644
950 495
1648 281
1316 72
361 864
1644 812
1213 495
1 44
281 1648
1317 919
1624 281
1624 415
973 254
308 1641
281 1624
1601 220
249 299
1642 32
1601 1616
1234 1254
919 1317
9 1647
1255 234
1255 1653
1601 605
1021 1539
1042 615
174 1434
741 495
615 1042
1624 281
878 1647
688 326
1655 1641
1655 741
1655 1598
741 1655
254 973
617 9
1641 1619
249 1655
1641 308
617 254
1158 27
1158 1423
1629 1619
1158 1072
1629 249
1072 1158
1641 1655
249 1629
1603 1653
1655 249
1655 741
249 1655
1647 878
1647 9
1655 249
249 1655
1638 1410
281 332
1343 281
249 734
9 1647
9 617
617 9
9 617
281 1343
281 1624
1553 843
423 866
809 1406
1190 1285
708 812
12 1387
1406 809
27 620
1312 1656
297 557
27 1158
878 1647
725 1624
878 1255
220 234
518 1488
220 1601
1648 281
933 495
933 536
1588 713
234 220
1081 32
1556 1545
878 1426
1648 802
357 774
1648 90
357 1565
281 1648
357 1426
357 1362
357 1362
1648 281
1648 9
220 234
1648 1619
67 1657
281 1648
819 1642
357 1103
1624 281
357 1624
741 1655
1658 277
67 1644
1624 357
1648 281
281 1624
357 1624
1624 281
1624 357
281 1648
357 1624
281 1624
741 1255
281 317
1624 357
546 774
536 933
67 1637
883 1442
843 1553
674 1624
3 1
1362 357
1500 144
1642 819
1648 865
1648 865
1658 986
1648 963
1648 1627
1648 1627
1648 1627
1542 540
912 1520
1657 67
1648 1177
1648 1177
1648 1177
12 527
1657 1021
1657 1021
12 1255
1472 815
12 1406
12 1440
12 1520
1657 1641
19 1130
1406 12
1657 713
1520 912
145 644
145 933
1520 12
1641 1657
1520 598
711 547
1657 1641
1520 1659
1641 1657
392 1660
1648 1551
1648 1551
1657 1641
1042 1641
1551 1648
1255 878
1657 1641
1641 1657
1042 1255
1255 741
1255 12
1255 1042
1648 1551
1189 482
1522 859
482 1189
1189 482
1042 1255
1042 1641
1522 569
878 1255
878 1189
536 1551
569 1522
1522 569
1255 1042
1255 878
1252 1616
1522 1255
1255 1522
1189 878
1042 1255
1522 1255
569 1522
1042 615
1255 1042
1255 1522
1042 1255
1255 1042
1522 1255
1440 12
1255 1522
1522 569
300 1657
1042 1255
1522 1255
1648 1283
878 1255
1255 1522
1255 1042
1255 878
144 1500
620 27
1656 1312
569 1522
1648 174
1406 1603
1603 1406
1158 27
1406 843
174 1648
1406 1603
1522 569
569 1522
1648 644
1158 379
1522 569
1648 174
1648 174
1042 712
843 1406
569 1522
1616 1252
1406 843
174 1648
174 1648
1648 174
843 1406
1648 174
1406 843
547 711
1522 569
1648 644
174 1648
174 1648
1642 679
547 711
204 1539
1648 174
174 1648
1648 1042
1042 1244
1648 174
679 1642
298 1353
174 1648
1642 679
1648 174
1042 1648
1353 298
711 547
569 1522
1603 1406
547 711
174 1648
1648 1042
711 547
1406 1603
1648 174
547 711
711 547
174 1648
547 711
1648 174
174 1648
1648 174
711 547
1052 1136
547 711
679 1642
878 713
298 353
1642 679
810 1365
1642 679
1406 1185
1185 1406
1406 1185
1648 1052
1185 1406
1406 1185
1642 1297
1642 1297
1113 495
1406 1642
372 569
1113 437
569 372
548 1059
372 569
548 128
1642 1406
283 1343
1406 1642
1642 1406
1406 1642
569 372
372 569
1642 1406
1352 1580
1406 1642
1406 1642
1642 1406
1406 1642
1642 1406
1518 1624
1406 1642
1642 1406
1406 1642
1642 1406
1406 1642
1642 1406
1406 1642
1406 1603
1603 1406
1642 1406
1603 1406
1406 1603
1406 1642
1406 1603
1603 1406
1406 1603
1603 1406
1406 1603
1314 1346
1215 1472
1636 984
438 1319
933 536
1196 9
252 766
1281 1033
1313 9
1313 9
1313 507
1387 12
361 638
361 1641
621 686
1136 1052
617 9
557 297
615 1042
944 815
1661 713
1346 1314
1661 1026
27 1158
27 620
1185 1406
1434 174
734 249
617 777
1434 1312
1359 1343
1312 1656
1312 1434
1312 1434
1434 1312
1312 1434
1312 1434
1434 1312
1434 1312
1312 1434
1312 1434
1387 1312
1434 1312
1312 1387
1312 1434
1434 1312
1185 1142
1387 1312
1387 1312
1312 1387
1387 1312
812 1644
1312 1387
1312 1387
1387 1312
1142 1185
1387 1434
1387 1344
1434 1387
1312 1387
1387 1434
1185 1142
1387 1312
700 822
1434 1387
1434 1387
1312 1387
1387 1434
751 822
1312 1387
1387 1312
1312 1387
1387 1312
1387 1434
1387 1312
1434 1387
1434 1387
1387 1434
1387 1434
249 1244
536 933
523 1662
523 1662
523 1662
154 1539
843 1406
161 1
161 1487
1042 615
594 277
594 260
72 1316
211 36
751 1578
1657 300
32 518
1442 883
713 1526
1488 518
1663 1621
1663 1621
174 1434
32 1657
1657 713
615 1042
1657 523
1657 393
1101 713
1406 843
1 161
1 3
1189 1015
1189 1015
1189 595
713 1101
713 1661
713 878
713 912
595 1189
620 27
1624 725
312 1
504 372
389 1576
1489 372
714 713
1285 1190
1285 1190
339 713
1285 1190
912 713
1624 1093
212 1056
475 1543
822 700
372 504
822 751
372 1489
1314 1346
372 1624
101 282
963 1648
1648 963
12 1387
12 1440
431 605
431 617
12 1520
12 1406
1624 372
1346 1314
393 1657
1624 1349
101 176
749 1487
101 198
644 1648
644 1244
749 713
353 298
1624 367
367 1624
1624 367
1332 495
1101 713
1142 1185
1580 1545
1332 298
1580 1352
281 1312
281 254
1312 281
1387 12
281 1312
1113 1463
1113 1568
176 101
1312 1387
1568 1113
617 431
1642 679
1423 1158
431 617
617 431
431 617
1520 12
1339 504
617 431
95 1118
1378 128
95 1580
95 712
1440 12
1349 1624
155 1580
859 1522
973 254
919 95
686 621
1346 1314
1624 1349
1565 357
831 1270
831 1187
1118 95
1185 1142
970 617
1185 536
482 463
1185 1312
482 194
1312 1185
176 1565
1565 176
1185 1312
1312 1185
176 1565
679 1642
1158 1423
1158 27
1158 1072
1185 408
431 617
1565 176
1185 743
176 1565
1185 1372
1185 1402
1565 176
176 1565
1565 176
617 431
617 970
176 1565
12 1440
963 1648
34 1130
437 1113
495 950
495 1213
1365 810
73 617
810 1365
298 353
19 1664
1013 1365
298 1332
924 768
768 924
621 768
725 1624
768 924
768 621
621 768
878 713
495 741
495 933
495 1113
495 1332
1565 176
176 1565
1113 1568
1434 174
1565 176
1601 220
1113 437
174 1434
970 617
1113 495
617 970
1314 1346
617 73
1565 176
1032 783
1565 3
1029 962
1665 1049
1113 1603
1665 1113
1113 1665
1665 1113
220 1601
1113 1665
681 109
1032 783
1253 1013
1253 1034
1185 713
423 1603
1032 783
423 1426
423 1665
843 1406
1665 423
1032 783
1346 1314
1032 783
1406 843
1032 783
1231 963
1032 783
72 679
1032 783
423 1665
1032 783
1032 783
1632 1039
741 495
1032 783
254 973
1032 783
1 312
1280 1287
1665 423
1665 1113
1601 220
1032 783
337 297
970 617
1032 783
1601 220
509 1665
3 1565
3 1
3 1
3 1
3 1
3 1
3 1
3 1
3 1
3 1
3 1
3 1
3 1
3 1
3 1
3 1
3 1
3 1
3 1
3 1
3 1
3 1
3 1
3 1
3 1
3 1
3 1
3 1
3 1
1661 713
509 783
1032 783
1244 644
1244 249
783 509
644 1244
176 1565
3 1
3 1
1032 783
712 95
1601 1666
712 1042
1113 1665
509 783
1601 1636
783 1032
783 1032
509 1463
1158 1072
1382 710
1158 1255
864 361
1032 783
421 1436
421 300
783 1032
27 1158
1032 783
843 1406
783 1032
1032 783
783 1032
1032 783
1013 1253
1665 573
573 1665
878 1665
176 1665
1665 573
1665 878
1158 27
1665 176
1665 509
1253 1013
9 1313
393 573
1190 1285
482 1665
1287 1280
1158 1665
1488 518
1667 1231
1029 1021
1029 1665
783 1032
1667 53
1667 1312
1312 1667
1648 337
1648 719
1231 1667
27 620
361 864
1032 783
573 393
1231 1601
783 1032
573 1665
361 697
393 573
1601 1231
1013 1253
1231 1601
361 1069
1032 783
1601 1231
1665 573
1665 1029
1231 1601
1665 1158
783 1032
1665 482
361 1056
361 1587
361 311
1487 161
1487 749
361 463
609 523
710 1382
819 1642
1601 1231
573 1665
1158 1665
1032 783
1313 9
1231 1601
731 1173
573 393
768 1304
731 824
1029 1665
1029 1472
1601 1231
1189 1665
1665 573
1253 1013
1304 768
1665 1189
783 1032
1189 1665
573 1665
1231 1601
1270 831
12 1387
809 1406
12 1255
1665 1029
1665 1189
176 1665
1189 1665
1665 176
176 1665
1665 573
1173 731
1665 176
1667 1231
1013 1253
27 1158
1136 1052
573 1665
1231 1667
1667 1231
1667 523
1189 1665
308 1601
1621 1663
403 302
950 495
1665 1189
1665 573
1253 1013
482 1665
573 1665
1665 950
878 1665
1621 42
1665 878
1665 573
361 809
878 1665
1013 1253
1189 878
878 1189
1189 878
573 1665
878 1189
878 1665
308 1601
308 1312
1312 308
870 1312
1189 1665
1312 870
1665 573
1312 870
1576 1665
573 1665
870 1312
1312 870
1665 1576
233 810
233 193
870 1312
193 233
1312 870
1601 308
233 193
1665 573
1601 1231
595 1101
193 233
595 1101
1542 468
573 1665
1601 393
518 1488
1231 1601
1542 233
1189 975
1542 1383
1072 1158
1383 1542
713 1101
518 1488
1070 598
282 9
1601 1231
1542 1383
1231 1601
41 1665
1472 1029
403 569
53 1667
1488 518
1488 518
1647 878
973 254
719 1648
1647 9
1648 719
609 1665
719 1648
1648 719
719 1648
1648 719
523 609
523 1667
523 41
198 1647
609 523
523 609
1647 1608
1387 12
12 1387
518 1488
609 523
1648 719
1608 1647
1387 12
697 361
768 1304
12 1387
1647 242
523 609
609 523
1647 198
1255 1158
1255 12
1647 1608
523 609
1297 1642
1608 1647
9 1647
9 282
1647 1608
1252 1616
242 1647
1647 9
1647 242
1608 1647
609 1629
298 518
1647 1608
242 1647
1406 809
1647 242
810 233
1608 1647
1568 1113
1647 1608
1647 1608
242 1647
1667 53
1071 1130
1667 53
1332 617
1342 1255
1545 1580
1647 242
53 1667
1042 712
1113 1568
12 1255
1332 53
1647 1297
1255 1342
1255 12
1647 468
1297 1647
234 1255
1647 193
1647 1297
468 1647
12 1255
1565 176
1642 1297
1304 768
234 220
1647 468
1297 1647
1255 234
1647 1297
176 1565
1297 1642
53 1332
1647 821
831 1270
1565 176
176 1565
53 413
1297 1647
1647 1297
1565 176
1297 1647
413 53
53 413
12 9
1158 1072
1545 1312
1158 27
1312 1545
1332 639
1332 639
768 1304
161 1
413 53
1312 1545
161 1487
1545 1312
1312 1545
1545 1312
1312 1545
1304 768
1545 1312
1576 1545
1545 1576
1312 1545
768 163
1545 1576
1545 1312
1576 1665
975 1189
970 502
495 1113
1312 1545
1545 1312
1576 389
1545 1312
1312 1545
1312 1545
1365 810
1187 831
1545 1312
1667 53
1365 1013
1158 1255
163 768
1312 1545
249 1244
53 1667
1545 1312
821 1647
337 1648
249 44
1312 1545
1545 1312
1312 1545
1545 1312
1545 1312
1545 1312
249 1665
1285 975
249 1312
1312 1545
598 1070
768 163
1312 249
1545 1312
249 1312
1312 1545
1545 1312
1312 249
1312 1545
393 1601
612 128
1545 1312
1312 1545
502 970
372 1624
1667 53
1545 1312
1312 1545
249 1312
1545 1312
686 768
1312 1545
686 1270
975 1285
810 1365
831 1187
1665 41
1343 1359
442 1565
27 1158
1343 281
1343 283
1158 27
176 1665
1648 337
9 1647
9 1545
878 1647
180 182
1101 713
620 27
1253 1013
468 1647
1253 1343
1636 1601
249 967
1545 9
1029 1472
1340 1029
1029 1340
1340 1029
1326 1029
1585 1582
1029 1326
1326 1029
1313 9
1668 809
1608 1647
41 523
41 1665
41 1029
32 815
32 1665
1013 1365
1013 1253
67 1665
809 361
809 1406
809 1668
361 809
809 795
9 1545
9 1313
9 617
9 1313
9 1196
1253 1013
1 161
1 3
1561 249
281 1343
1561 42
1669 1670
1670 1669
1669 1670
249 1561
249 1561
1039 1316
53 1667
1624 372
615 1668
538 1671
1382 710
431 617
27 1158
1314 1346
27 620
1013 1253
53 1657
1253 1013
1667 53
1072 1158
1013 1253
1647 821
1647 878
1647 9
1647 1608
1255 1158
1387 12
1255 447
1387 1313
1387 1344
543 1189
318 67
1639 777
1344 1387
318 1285
1387 1344
1423 1158
1387 1313
504 1339
950 1665
1568 1113
710 1283
778 1029
1668 615
518 298
9 1647
615 1668
193 1647
509 1665
509 1026
1672 437
509 1255
768 686
1029 41
1029 778
1029 1489
1255 509
812 708
308 1601
1187 831
53 1667
72 42
1667 53
1667 53
1153 128
1657 53
161 1
53 1667
1070 598
53 1667
53 1657
42 72
1608 1647
1667 53
1657 53
53 1657
53 1667
361 1417
970 617
970 502
970 1641
1406 809
1013 1253
1 161
1158 1255
109 681
1158 1072
1158 1423
1158 1072
1072 1158
1072 1158
686 621
1158 1072
1158 1072
249 318
1436 421
249 1343
1158 1072
249 1648
1543 475
1285 318
249 1074
1487 1226
1253 1013
1487 161
1346 1314
1072 1158
1487 1673
1673 1487
1487 1673
1255 1158
482 1674
1255 1359
1189 620
1158 1072
1158 1255
1158 1255
809 1406
1675 582
1013 1253
447 1255
1031 42
711 644
644 711
1668 615
53 1667
711 644
1327 711
1488 518
101 176
1339 504
617 970
1641 970
617 1332
617 431
1667 53
617 970
711 1327
1641 970
617 644
1327 711
617 1667
1253 1013
708 812
768 1304
686 1676
495 741
282 66
1667 617
1231 1667
245 1283
1313 1387
1313 1387
1667 1231
644 617
353 298
1642 822
1313 9
353 194
161 1
161 1487
44 249
12 1387
1231 1667
12 1312
1 3
1 3
1313 9
509 1255
1136 781
1668 1379
1136 234
234 1136
617 1667
1343 1253
1343 281
1343 249
1302 338
1290 1677
1314 1346
57 1616
518 1488
1304 768
1545 9
1489 1029
1406 809
1668 454
621 686
1270 831
1270 686
518 1488
777 1639
644 1616
1130 34
1130 19
161 1673
1383 1542
393 263
393 1190
768 886
234 1616
1312 12
1542 1383
686 621
686 1270
1667 617
1270 686
12 1312
686 1270
234 1312
1312 12
234 1312
1312 234
12 1312
1312 12
34 1130
12 1312
234 1312
281 1343
1312 234
12 1312
1052 1648
1312 12
1312 12
12 1312
1052 1136
12 1312
1312 12
598 1474
12 1312
234 1312
1312 12
1312 234
12 1312
234 1312
1312 12
12 1312
1312 12
12 1312
1312 12
12 1312
1312 12
12 1312
1312 12
9 1313
12 1312
679 72
1379 1668
72 679
1312 12
234 1312
1312 234
342 544
12 1312
1526 1130
1312 12
523 1269
12 1312
234 1312
1312 12
12 1312
1312 234
1312 234
234 1312
1312 234
234 1312
582 1675
12 1312
281 708
1316 72
1312 12
12 1312
234 1312
679 72
1312 234
1312 12
234 1312
72 679
12 1312
1312 234
679 72
234 1312
1312 12
1312 234
12 1312
72 679
1312 12
781 1136
12 1312
12 1312
1312 12
12 1312
1332 617
1312 12
1312 12
12 1312
1312 12
12 1312
1312 12
12 1312
1312 12
12 1312
1312 12
1312 12
12 1312
1312 12
1644 812
1312 12
1644 67
809 1406
72 679
12 1312
809 1379
1343 281
357 1644
281 1343
357 1343
1648 249
1644 357
357 1616
357 1644
1602 59
1472 949
1648 1052
777 537
1644 357
357 1644
1586 1557
1248 768
338 1302
19 1130
1487 42
812 1644
19 1130
1602 1678
1679 1565
1623 711
1679 1565
1679 1565
1679 1565
1679 1565
1565 1679
249 44
1565 1679
249 1648
1679 1565
176 1565
1346 1314
1679 569
1676 686
1158 1072
686 1676
768 1248
1580 1545
32 1312
569 1679
1565 176
1312 32
176 1565
1644 812
1676 686
1580 1676
1676 1580
1565 176
176 1565
1676 1580
1565 1679
1565 176
1644 1623
1580 1577
1676 1580
1580 1676
1580 1676
1580 1676
1580 155
1679 569
1676 1580
1343 281
1314 1346
1676 1580
302 403
1343 357
1580 1676
1029 1489
1256 1680
1676 1580
1580 1676
1580 1676
1676 1580
569 1679
1679 1565
1676 1580
679 72
679 72
372 1343
1580 1676
1580 1676
1676 1580
800 1256
1676 1580
1565 1679
1343 372
1676 1580
1648 249
1580 1676
1676 1580
1256 800
621 686
1580 1676
1580 1676
1676 1580
1676 1580
1676 1580
1580 1522
431 617
1580 1676
249 1648
1676 1580
621 1526
249 1580
1580 1676
1580 249
621 1647
1676 1580
1072 1158
1158 1072
1580 1676
1072 1158
1545 1580
1647 9
1580 1545
1676 1580
1158 1072
1647 193
1647 1608
1580 1554
621 824
1647 621
9 1647
67 1072
1355 1033
1648 249
1072 1158
1580 1676
1158 1072
1355 1183
1647 9
1072 1158
1355 42
1158 1072
1072 1158
1676 1580
1158 1072
1580 1676
621 1647
621 768
1158 1072
1580 1586
1580 1283
1283 1580
1580 1283
1580 9
687 1681
372 1343
768 1616
372 713
1039 1316
1158 1072
1679 569
372 1493
372 1580
1580 518
1072 1158
1580 372
569 1679
1580 372
1283 1580
1580 1283
1679 1565
768 824
372 1580
1580 372
298 353
9 1580
372 1580
281 1343
1500 144
1580 372
1580 9
372 1580
1679 569
9 1580
1565 1679
249 1580
1580 9
1580 249
1565 176
9 1580
1580 9
9 1580
1580 9
1580 9
249 1580
9 1580
1580 1508
569 1679
1072 1158
1580 249
1554 1580
1231 234
176 1565
1580 9
249 1580
9 1580
1158 1072
1565 176
1580 1554
970 617
1158 1072
1580 249
1026 509
970 617
1580 9
176 1565
970 1641
249 1580
1072 1158
1379 809
1580 249
249 1580
1554 1580
1158 1072
831 1270
1580 249
1072 1158
1580 1554
1565 176
249 1580
1158 1072
1343 281
176 1565
1554 1580
1679 569
1158 1072
353 298
249 654
569 1679
1565 176
1679 1565
1554 1468
1554 1468
1554 1468
1565 1679
1565 176
176 1565
155 1580
1565 176
1406 1343
1679 569
176 1565
1343 1406
1406 1343
1565 176
569 1679
176 1565
298 353
1568 332
1343 1406
1406 1343
1406 1343
1679 569
1343 1406
1343 1406
1406 1343
1270 831
809 1379
372 482
482 372
193 1647
372 482
482 372
1379 809
809 1379
1675 582
1675 1075
1565 176
372 809
176 1565
372 482
516 1281
1565 176
176 1565
778 277
1565 176
176 1565
582 1675
809 372
1379 809
176 1565
1093 1624
1565 176
176 1565
1565 176
176 1565
1565 176
176 1565
1565 176
176 1565
1565 176
1255 509
620 27
620 654
144 1500
281 1343
281 1580
713 372
1313 1403
1313 9
32 1682
32 1683
32 1580
32 1642
176 1565
1608 1647
41 1029
1343 281
281 1343
1113 1343
536 193
1343 281
1343 1113
1281 516
1677 1585
1677 1290
1113 1343
1313 507
281 1343
1647 621
1647 193
1647 1608
1253 1343
322 1021
1676 1580
537 777
1667 1684
1624 1093
777 537
779 1308
1346 1314
1314 1346
1332 495
1253 1272
1443 547
667 1130
277 778
537 777
1562 1342
1673 161
1522 1580
1359 1255
337 317
1487 42
1308 779
1652 1514
615 616
1021 322
367 337
516 453
544 342
708 281
620 679
605 620
250 713
250 1665
679 620
474 1679
1608 1647
1608 799
1254 1234
799 1608
1608 799
1231 1667
799 1608
1608 799
1255 1359
1500 144
250 1255
250 1255
700 822
249 1021
620 679
679 620
621 1647
1255 1231
1231 1255
1255 1231
1253 1685
1253 1685
1383 1542
193 1647
1021 249
1545 1580
620 679
1545 1580
620 605
193 536
768 72
768 924
454 1668
32 1021
536 193
1021 32
392 72
1601 1383
1624 337
1343 1113
1383 1601
1343 281
1542 1383
1383 1542
1343 1253
1601 1383
1343 1406
322 1021
706 800
1383 1601
1601 1383
1383 1601
1601 1383
777 537
727 475
393 346
193 536
1601 862
193 1343
276 1343
687 277
1686 393
536 193
1343 193
193 1343
1343 276
1343 193
481 1648
193 1343
1343 193
172 840
172 495
1520 919
172 1603
1520 912
337 367
1520 1513
337 1624
1520 716
193 1343
884 713
799 1475
1314 1346
1522 537
1346 1314
728 1573
1189 1489
1189 128
878 1189
1189 878
1189 543
1189 1665
1189 1554
1447 1500
249 1021
933 1687
1514 919
1021 322
1021 249
128 1189
1688 1005
1688 389
1688 1189
1 3
1688 277
1253 272
1253 1688
1253 50
1676 1580
1253 1408
1029 41
1029 1237
276 1343
1686 220
1554 1189
462 1646
462 1638
1646 462
249 1021
713 884
1373 713
713 1326
713 1158
779 1308
249 547
1668 454
342 544
1189 128
1586 1580
1189 1688
1314 1346
1387 12
1387 1313
1387 1313
1474 598
1387 1313
1474 598
1189 1282
42 1161
1282 1189
42 1689
1158 713
42 1487
1638 462
1158 1423
606 1362
606 128
1408 1253
1648 481
1608 799
1196 9
41 1029
281 708
799 1608
1608 799
547 1443
1021 249
32 1689
1013 398
1365 810
42 1690
1690 42
1681 41
454 1668
1362 606
41 1681
42 1691
799 1608
1690 1344
1344 1690
1690 1344
919 1514
919 1520
474 1339
1344 1690
1344 1690
1690 1344
1316 1039
1253 1408
389 1688
234 1231
919 1598
234 53
812 1644
1190 393
713 1373
713 1158
713 41
257 135
1189 1282
1189 523
1657 300
9 1580
9 1313
191 1060
1402 1185
393 1190
1402 1619
1402 1539
1402 1539
1402 1681
249 1692
708 281
1029 41
176 1565
1272 1253
1403 1313
1253 1272
1272 1253
281 708
1248 131
199 63
199 63
1237 1029
1413 199
317 307
429 1568
1680 1256
474 520
859 547
949 1472
199 1255
547 859
1312 1344
871 592
41 1029
1326 713
1326 713
1029 1237
1029 41
1255 199
1189 429
249 194
249 621
468 1585
708 281
810 1365
41 1029
249 1255
1158 1072
1158 713
1158 542
52 1237
143 201
544 342
52 1185
1332 520
53 234
1313 1387
1313 1387
281 708
1313 1403
1313 9
1623 1644
1623 1644
1383 1636
1383 1636
1344 1312
621 249
1312 1344
1387 1313
1387 1313
41 919
474 400
1111 393
593 1619
1648 719
1313 1387
701 858
1313 1387
9 1313
1346 1314
1313 9
1029 41
9 1313
41 1029
199 1255
199 1413
199 1582
440 1384
440 1384
440 1384
440 1384
440 1384
620 701
768 1280
768 593
1373 713
161 1673
713 1326
713 1326
1373 621
713 1373
1644 1623
1373 713
249 621
1644 949
1648 949
249 1504
779 128
1555 400
779 744
1555 257
249 1648
1623 1644
393 1111
1540 376
1282 1189
1060 199
429 1189
1060 1187
1060 191
394 429
429 394
621 1373
1540 47
621 249
1647 1608
1647 621
277 687
277 1688
249 621
1647 193
621 1647
1189 1282
621 249
1189 429
1647 621
621 1647
84 1647
1647 621
1647 84
1647 84
1647 498
1280 768
878 1647
84 1647
1668 454
1190 393
249 621
1190 62
249 1540
1190 393
220 1686
768 1280
193 1647
84 451
84 451
84 451
84 1211
84 1211
361 638
393 1190
1072 1158
84 901
84 523
249 44
686 1676
686 621
242 429
495 1332
495 172
1520 919
1485 1367
621 1647
878 1426
474 242
454 1668
1403 1313
518 1580
1513 1520
242 474
1158 1072
1255 249
1565 176
249 1255
42 1255
1255 42
42 1255
919 1520
1255 42
1136 234
42 1255
1136 781
1136 1052
189 1641
1668 454
189 708
357 1426
1136 41
679 1281
429 1189
679 1281
429 242
1493 372
357 1554
1189 429
1281 679
1554 357
679 1281
429 1289
357 1554
1554 357
357 1554
357 135
357 429
1554 357
357 1554
281 1281
357 1554
1668 912
912 1668
1554 357
1554 357
357 1554
357 973
1554 357
706 1383
357 1554
357 1554
973 357
1554 357
1554 357
357 973
357 1554
176 1565
973 357
41 1136
357 1554
1554 357
1554 357
357 1546
357 1554
544 797
357 1015
1554 357
357 475
357 1554
1554 357
708 281
708 189
357 1554
357 708
1290 1677
1383 706
281 708
338 475
1554 357
1312 1013
257 1555
398 1013
234 1136
398 337
234 1312
1312 234
104 713
1540 249
1676 686
1540 372
234 1312
1540 714
686 1676
1312 234
1676 686
234 1312
1269 523
475 357
415 997
1657 1316
1316 1657
1657 1316
1657 1641
686 1676
41 1554
1676 686
799 1475
686 1676
128 1189
1013 1312
1676 686
128 779
1013 398
1540 440
1554 41
440 1540
1676 686
1676 686
1540 440
1546 193
949 1644
949 1648
1346 48
1280 768
1522 1616
781 1136
1185 52
415 841
1540 1283
321 392
1438 639
779 128
272 1253
1248 1676
41 1554
469 463
48 1346
48 1624
1624 48
48 1624
48 1248
1624 48
234 309
234 708
234 708
234 708
1029 41
1185 528
1227 1039
462 1638
462 713
797 544
542 1158
357 1363
1248 48
1136 41
249 1540
1136 234
1136 781
1608 1647
1434 1669
1434 174
144 1500
1434 1601
193 1546
768 1280
398 1013
1502 1693
249 1568
1231 1254
1039 1227
1039 1598
1408 1253
1231 1667
1039 1632
1039 342
337 398
1573 728
1013 398
768 801
367 1540
249 1130
1413 1668
1413 1668
523 1269
1413 800
53 1585
708 281
1346 48
1312 1013
1546 193
1253 272
1346 1314
1314 1346
1314 1346
883 278
1346 1314
161 162
1346 1314
781 1136
1601 1666
162 161
1669 1434
400 1555
41 1136
400 1681
41 1029
400 474
249 44
400 1255
3 36
3 44
1508 1580
454 1668
281 708
1644 949
400 601
1644 1304
1190 393
1304 1644
1644 1304
1304 1644
768 408
32 1692
768 1280
398 337
1255 400
398 1013
27 620
1255 1694
176 1565
1668 454
393 1190
278 883
249 1304
1304 249
249 1304
1304 249
249 1304
249 1304
1281 281
1281 679
249 96
41 1423
1516 393
281 1281
249 502
1644 1304
537 777
249 598
1520 1513
249 919
1520 919
53 1667
361 1026
474 400
1540 367
1283 1540
1540 249
1540 1283
249 1540
249 1181
1227 1039
1270 710
1540 249
537 1522
1623 711
309 234
1270 537
537 1270
537 1228
1540 50
711 1623
1667 53
1228 537
249 1540
1228 537
537 1228
537 1228
1540 249
249 1540
1585 1413
1540 249
1413 1585
919 249
1540 810
249 1540
1585 1568
234 1136
1568 249
801 768
1540 249
1568 1255
249 1568
679 1281
249 1540
1540 249
1568 249
1568 1585
1368 1585
1568 1585
249 1568
249 1540
1568 249
249 1568
249 1568
1332 495
1568 249
1585 1368
249 1568
53 1667
249 1402
50 1540
234 309
495 1332
1540 50
1540 1695
361 1402
361 1402
361 1402
361 1402
546 1644
1540 856
361 1056
361 1056
1540 518
361 1056
297 337
361 913
361 460
1270 537
249 474
1255 1568
361 788
1281 281
1281 679
361 311
361 773
1283 1540
1283 593
1568 1255
822 700
1540 1283
1644 546
1623 711
509 1255
44 249
44 3
249 44
544 797
518 1540
1667 53
281 1281
810 1540
1601 1231
1619 593
1231 1601
1013 1696
12 1387
12 1121
249 928
1121 142
42 950
1121 797
1601 1231
36 3
1601 1231
249 1619
1231 1601
1231 1601
249 734
1601 1690
1601 1690
1387 12
1 36
1387 1313
1 36
1255 1568
1255 509
1601 394
1281 281
1565 176
1619 1629
367 1540
1237 52
1237 1029
176 1565
53 1667
679 1281
1619 1402
1667 53
1619 249
193 144
474 249
474 1644
654 620
734 249
734 605
605 734
1423 41
454 1668
144 193
1667 734
1668 454
1667 605
1565 176
734 1667
1681 400
281 1281
1667 605
1667 734
176 1565
973 1697
193 144
734 1667
1667 734
734 1667
1667 734
1565 176
176 1565
1667 544
44 249
1335 1694
1565 176
176 1565
1690 1601
605 1667
708 281
546 1644
1690 1601
1359 1255
1359 1694
841 415
1285 1342
1667 605
605 1667
1667 605
1285 1217
281 708
1217 1285
1285 1217
617 1667
617 431
1667 617
302 1698
1079 1078
176 1565
617 1667
1624 1626
3 44
3 36
1285 176
1079 1078
176 1285
1285 544
1667 617
549 325
1285 176
176 1285
546 544
1565 176
249 1619
249 734
176 1565
249 44
1285 617
214 1598
1136 781
1136 41
617 1285
1136 234
617 1667
1285 617
415 841
1285 1565
617 1285
1285 389
1413 549
249 389
389 1285
389 249
1667 617
249 389
389 249
1667 447
249 447
389 361
249 389
1285 52
1285 389
1285 1365
298 518
1365 810
1365 1285
1326 713
1285 27
1313 1387
1285 1365
1520 716
1520 716
1285 1021
12 1387
1413 389
544 1285
27 1285
1285 1313
389 1413
1285 544
1255 1359
544 1285
1285 27
1285 544
1644 474
1313 1285
1285 3
3 1285
544 1285
3 1285
1285 3
3 1285
1343 276
41 1423
41 1136
1285 1313
1285 544
1285 3
544 1285
234 1255
502 249
1285 544
1644 546
544 1285
1313 1285
1285 544
1255 234
1285 1313
544 1285
3 1285
1413 544
1313 1285
544 1413
1285 3
27 1285
766 252
1540 367
1285 1313
234 1255
598 303
1285 27
161 162
1343 193
118 193
193 1343
193 118
118 193
1255 234
1285 544
1313 1285
1343 193
160 598
193 1343
1522 537
878 766
1285 1313
1522 1580
605 617
1285 1313
361 389
1313 1285
234 1255
1601 1690
303 598
342 1039
1285 1313
1234 1254
1285 1313
281 1
1285 1413
249 502
36 1
1313 1285
36 3
3 36
174 1434
1252 1616
338 63
1343 193
886 768
1598 214
1598 1039
272 1253
1598 919
1598 1655
1598 1344
1598 1487
1598 1522
1598 1548
1565 1285
1598 768
620 27
1413 544
1598 27
1598 632
1598 1582
1598 429
1285 1565
174 1434
544 1413
389 361
1487 42
1487 1598
1413 544
447 249
447 1667
1690 1601
552 1413
447 1285
1280 768
1227 1039
193 1343
711 1623
1343 193
1487 679
193 1343
400 1255
1343 193
1413 552
193 1343
1413 552
1343 193
1667 447
193 1343
1343 193
400 1681
400 474
1072 1158
193 1343
1676 686
400 502
400 502
400 536
400 1343
193 394
1343 193
1343 400
768 1598
1033 1281
1033 1355
1285 447
193 1343
1343 193
810 1365
552 1413
60 1130
1269 523
400 1343
507 1313
1343 400
48 1346
1413 552
552 1413
1413 552
1657 144
1657 1565
552 1413
1281 1283
1158 1072
1305 1103
1189 1015
1281 281
325 549
687 277
687 1440
474 1644
474 400
42 995
42 474
474 42
42 474
42 1622
474 42
797 544
708 281
1440 687
544 797
193 1343
966 52
281 1281
509 1255
509 1603
249 447
249 1426
1675 201
447 1667
447 249
1548 1598
1 281
1 36
1 36
1 36
797 544
1 36
1 36
1667 447
1426 249
1426 1699
239 1328
1623 711
1426 1066
1629 1619
1 36
1356 1509
710 1270
1281 281
1356 135
950 42
431 617
281 1281
281 708
494 389
708 281
249 447
249 1629
199 544
1629 249
249 1629
1629 249
1493 1113
249 1629
1629 249
447 249
249 1629
249 447
447 249
1629 249
679 1487
1387 12
1387 1313
711 1623
503 605
1270 710
1365 1285
277 687
27 1285
768 1280
1365 810
12 1387
27 620
1488 518
1644 474
1431 1676
1113 990
1647 878
990 1113
1647 193
1647 621
1647 1608
1647 9
1113 990
1694 1335
1694 1359
1647 1516
1694 1255
1647 32
389 494
193 1647
249 447
1647 193
1647 1113
1657 1647
990 1113
1657 1346
1540 193
544 797
1647 1440
249 1647
593 1619
1647 1657
1540 810
1647 249
193 1647
1540 810
1647 193
193 1540
593 1283
1540 193
1313 1387
249 1647
1440 1647
1565 1657
1113 1647
1647 249
1647 1113
1647 193
1113 1647
1540 1373
249 1647
447 249
1657 1565
281 708
193 1647
1255 234
1255 400
1255 509
1285 27
1285 1365
249 447
249 447
1647 1113
1647 249
1647 193
447 249
367 1540
1313 1403
617 431
1434 1669
1434 174
1434 174
249 1647
249 447
713 1326
713 462
447 249
52 1285
52 966
454 1668
249 447
1328 239
504 1339
621 1647
447 249
1598 400
1598 52
249 447
1598 357
708 281
447 249
1619 1629
1619 249
249 447
249 1619
1619 249
1619 249
800 1413
249 1619
249 1619
447 249
249 447
710 1270
447 249
281 708
249 447
447 249
249 447
686 1676
447 249
1619 802
1619 802
249 447
249 1359
447 249
249 1118
249 447
27 1285
393 1686
1468 1235
1468 1554
1113 1468
1113 815
1468 1113
36 3
36 1
768 1444
1113 1468
1280 768
708 281
174 1434
32 1647
1403 1313
281 708
615 598
357 1598
1285 52
1285 52
281 252
1285 27
9 1647
463 469
463 482
463 361
606 128
482 463
357 1624
1540 1168
357 809
809 357
357 809
357 1616
809 357
1623 711
357 809
357 1248
1616 812
357 53
357 1244
1616 1173
357 1217
1616 1601
1686 393
1168 1540
1281 281
1173 1616
1624 357
105 1648
281 1281
357 1624
1039 1227
1039 1598
1118 249
128 606
1616 1173
1616 768
1173 1616
1601 1616
1601 1616
1608 1647
1700 1362
1700 768
768 1616
768 1700
1700 768
768 1700
1700 768
53 357
307 317
361 389
361 463
973 1697
357 1701
209 1701
1185 607
300 1702
341 1056
341 1056
341 1056
546 1348
1183 1703
52 1701
337 1598
1704 1598
1328 239
783 1705
249 1598
400 1598
249 1706
9 1701
9 1706
9 1682
1543 1467
1551 1636
1520 449
840 1077
1393 1427
191 765
19 1645
19 1645
1468 1427
1468 1427
252 766
485 1421
309 1467
1343 1707
654 297
193 1412
1601 1412
234 1412
1601 1636
249 1708
249 1701
1142 1709
32 1710
810 1412
95 773
144 1557
799 1557
967 1557
1513 460
1513 460
799 733
3 1711
3 2
3 1501
3 754
536 733
1339 1296
124 802
1712 1466
959 958
1284 733
95 1385
95 1419
191 1421
1509 1566
1509 1566
1655 1598
1543 297
32 1655
1343 1071
1343 1071
95 707
95 607
878 1426
95 862
48 1655
1255 1071
225 1426
1713 1714
1713 1573
1406 1715
1332 311
32 311
621 824
644 311
1716 1308
147 1505
1716 69
361 311
809 1071
1717 192
249 1718
1717 1507
983 985
214 286
214 512
1716 1689
1716 1689
276 1683
124 1622
124 463
19 1715
32 1053
1013 1701
1489 1588
1500 144
1346 1314
429 1190
429 191
809 847
95 561
95 626
95 1118
361 1255
95 447
95 1578
1314 1346
1543 1715
1543 1715
1543 1719
561 95
1543 525
1543 502
1543 969
1408 1720
1543 852
1190 393
1431 431
1190 1111
1543 1280
1543 809
1543 1312
1543 1565
727 710
1190 393
1313 1285
538 361
191 429
1644 214
1644 124
312 1
847 809
393 1190
214 1644
969 1543
620 1644
32 1042
431 1431
1362 799
431 1295
799 1362
1295 431
1713 525
1713 525
1713 561
1713 1565
1713 1463
1463 1713
1713 1463
1463 1713
1713 1463
1463 1713
1713 1463
1463 308
342 1362
809 1543
1118 95
1713 809
1713 282
809 1713
1713 809
193 393
1713 70
70 1713
282 1713
1713 282
1 312
3 105
3 509
3 790
3 32
3 1154
3 1373
3 800
3 504
3 234
3 1288
3 155
3 824
3 1183
3 1208
3 611
3 778
3 641
1644 620
1644 214
1713 277
1713 282
1713 85
1713 1652
124 1644
447 95
634 852
1346 1314
1713 1346
67 1042
1346 1713
1346 1713
1111 1190
8 346
1393 1225
783 242
1285 1313
525 1713
277 1713
277 1688
639 1713
768 1280
1565 1543
1565 124
1565 1713
1231 1713
1231 1667
474 400
474 1339
474 249
242 783
783 242
1721 61
1688 1647
346 8
214 1644
1688 277
1522 1618
1522 537
1255 124
214 525
525 1543
525 214
214 525
525 214
214 525
1713 525
1713 1346
525 214
525 1713
214 525
1713 525
525 1713
1346 1713
1713 1346
1346 1713
525 214
1346 1314
1713 1346
1713 1346
537 1522
1644 214
1644 124
1346 1713
561 1713
711 642
1713 1231
1713 561
1713 378
1713 1346
1713 1231
1238 249
1554 1468
1713 1585
1585 1713
1627 1136
1713 1585
950 353
1713 1554
1554 1713
1713 1554
1554 1713
1713 1554
1713 652
1644 1329
1720 1408
1346 1713
249 474
727 822
1238 95
249 1238
642 711
1713 1346
1346 1713
1346 296
1713 1346
1346 1713
1713 1346
296 1346
1346 1713
353 950
353 1722
1346 296
1346 1713
1713 1346
1346 1688
1346 1713
1713 1346
1158 1072
1346 642
431 1295
431 1346
1688 1346
1346 431
1346 1688
1688 1346
8 346
652 1713
1346 1688
378 1713
1280 1543
1688 1346
1072 1158
1713 1072
950 353
1072 1713
1713 1072
1072 1713
1713 1072
1072 1713
1713 1072
1280 768
249 843
249 63
249 1136
249 1244
249 1565
652 598
482 454
263 308
809 847
1215 1713
711 642
711 547
547 711
711 547
547 711
711 547
547 711
711 547
1675 32
214 1644
454 482
1136 249
1543 1565
1543 1280
1543 525
277 1688
105 1281
1190 1723
1339 474
1314 1346
644 719
1713 1072
1713 525
1713 1624
67 32
1624 1713
525 1713
1713 1624
1713 525
1713 1215
525 1713
1713 525
525 1713
1713 525
525 1713
525 1713
32 67
32 1675
1060 249
63 249
1713 63
1346 1314
474 249
1713 1346
1713 1231
1713 638
1231 1713
1713 1231
1231 1713
1713 1231
1231 1713
1713 1231
1231 1713
1713 1231
312 1
1713 1231
1244 249
1717 784
1713 1724
1068 674
1543 1724
1667 1231
1717 353
1717 908
1647 1688
1624 1713
1713 1624
768 1280
1346 1713
1713 1346
1346 1713
1713 1346
1346 1713
1713 1346
1346 1713
1713 1346
1713 378
1346 1713
1713 1346
1713 1346
447 395
1285 27
561 1713
1543 1485
27 1285
124 1565
124 1255
1713 44
124 1644
44 1713
1713 44
44 1713
1713 44
1713 277
1624 1713
1642 822
1255 124
1713 1181
1713 1181
175 224
1231 1713
1231 1667
525 1543
431 1346
1688 1647
1667 1231
1688 277
1329 1644
1231 1667
85 1713
61 1721
249 1136
249 474
249 1244
557 152
249 1402
1644 1329
1346 431
1231 1605
799 302
1255 1231
674 1068
429 191
1713 379
1713 1554
1713 1554
598 652
1136 249
1713 757
27 652
1285 27
1713 598
474 249
1725 1072
1713 1346
1713 1387
1387 557
1387 95
1387 1285
1387 1535
1387 1285
1387 1713
1408 1720
353 1717
353 950
1408 1624
1343 1342
1712 1726
843 249
1712 1726
249 474
249 389
1713 282
1713 1648
1713 72
282 1713
1713 282
282 1713
1713 282
282 1713
1713 282
249 63
249 282
1713 282
1346 1314
282 1713
1713 282
282 1713
1346 393
1713 282
1255 42
317 311
314 644
27 1285
644 314
1079 282
1079 27
1253 644
1079 27
1130 214
1079 27
1253 673
1713 1130
312 644
124 1255
1579 42
27 1079
1158 1072
72 1713
431 1346
1255 124
1535 1387
1535 1339
1723 1190
1535 644
1606 843
1346 431
1725 898
1543 173
1647 1688
393 1346
1543 1712
1721 61
1346 393
1543 1627
27 620
1647 544
1647 1005
1647 193
1543 525
878 1647
1647 878
302 799
1688 1647
242 783
242 783
1727 995
1727 346
1280 768
1280 1543
783 242
544 1647
1727 1453
1717 353
1713 617
191 429
214 1130
42 1255
42 1579
199 1717
431 1346
950 353
1624 1408
525 1543
652 27
652 1317
620 27
620 1487
242 783
620 1568
525 652
652 525
644 312
8 32
474 249
282 1079
1647 1688
1647 544
1339 474
474 1339
1190 394
1339 474
1415 1142
799 302
644 626
644 626
644 1535
644 1253
644 1568
1190 644
652 1629
644 1190
27 620
27 652
652 27
27 652
652 27
27 652
652 27
27 652
652 27
27 652
652 27
245 615
27 652
233 193
1339 1491
95 447
1346 431
1238 249
95 1238
1238 95
312 644
95 1387
1362 342
95 1238
95 1648
1491 1339
95 561
250 809
95 1260
8 1238
95 713
95 1692
642 1346
1285 1387
1285 1387
1285 27
1339 1491
652 27
1342 1343
249 474
249 1238
1346 642
1042 67
443 341
1042 32
1346 1472
394 1190
1728 644
557 1387
557 152
95 1255
799 1475
95 621
621 95
431 1346
1487 620
1346 431
95 621
557 8
644 1728
557 1346
8 557
561 95
1346 557
557 525
557 8
783 242
557 1346
1346 557
1491 1339
557 1346
1346 557
1346 1314
32 8
557 1346
1346 557
32 1042
32 8
27 1285
1406 1362
8 32
525 557
525 557
160 429
160 1181
160 697
160 1729
1713 1231
1231 1713
1713 1231
1713 1074
1657 1730
1074 1713
1074 516
1231 1713
1285 27
1713 1231
1713 1074
1713 1585
1181 160
1181 1713
1231 1713
856 1176
1713 1231
809 250
1730 1657
329 1510
1343 1342
1688 277
142 144
144 1500
144 142
142 144
142 1575
144 142
142 1575
142 144
615 245
1346 308
142 144
144 142
1346 308
392 1699
142 144
142 1121
144 142
142 144
193 233
474 249
557 525
1713 495
652 27
495 741
495 1213
495 1713
495 1713
27 1285
1713 495
27 652
652 615
249 474
652 27
249 1731
249 1255
27 652
249 495
969 1401
1713 969
652 27
474 249
27 652
132 162
249 474
312 132
652 27
1079 27
1079 27
474 249
969 1713
1713 969
1072 1725
1713 1072
27 1079
27 652
1079 27
652 27
27 652
27 1079
652 27
878 1644
27 652
652 27
652 27
1079 27
27 652
1253 644
1408 1624
27 1079
1406 495
1079 27
652 27
249 474
1406 1190
474 249
27 1079
525 557
249 474
1401 969
27 652
843 1606
518 525
249 843
652 27
843 249
525 518
969 1401
557 525
557 1346
27 652
557 1565
145 1713
1475 799
1255 249
447 95
525 557
1713 1493
1317 652
557 525
525 557
799 1475
557 525
1332 537
242 823
1189 1068
1068 1189
1510 329
132 312
1727 1069
1727 644
1727 638
847 809
431 1346
1 312
1624 1408
456 1624
456 204
456 495
1624 456
1489 249
1489 249
1339 1489
1489 1339
1314 1346
997 415
997 142
1346 1314
1644 878
615 652
1130 1713
537 1332
329 1510
1285 27
176 969
27 1285
768 1280
63 1713
63 249
1543 1546
324 329
105 1727
162 132
1342 1343
249 1489
249 1489
878 1255
626 95
626 644
970 1255
429 191
429 160
710 1562
710 727
1255 878
1255 970
1713 1130
1667 1181
1713 708
1079 27
644 626
1113 1343
1127 713
1343 1113
1113 1343
1343 1113
176 898
176 523
1158 1072
1225 1393
1343 1342
27 1079
970 1255
1113 1343
1181 1667
193 1647
1562 710
1317 652
1713 44
1255 970
525 557
1713 525
525 44
970 1255
191 429
1727 105
483 189
9 282
9 1622
9 1343
9 1731
9 788
9 1313
1362 1406
711 642
1079 27
1343 9
741 495
1667 1181
429 191
1231 1667
1731 9
642 711
19 1130
1732 1556
245 1283
969 176
95 561
249 1280
1280 768
1280 249
249 1280
1280 249
1343 1113
249 1280
176 969
176 1585
249 1585
1647 193
1585 176
249 1343
1647 172
1585 249
176 1585
249 1585
1585 176
249 1021
176 1585
1585 176
1585 1582
176 1585
27 1079
1113 1343
249 1395
1113 1395
1395 249
1395 1113
1113 1395
249 1395
1395 1113
1395 249
249 1395
1395 249
249 1395
1282 1647
1113 1395
249 1353
1282 1647
249 1644
1644 249
525 1713
249 1644
1282 848
1036 792
1644 249
249 1644
1190 393
1644 249
249 1644
1644 249
249 1644
249 783
1255 970
95 447
1079 27
1644 249
249 1644
95 626
1644 249
1181 1667
