1556 1732
1568 644
1493 1656
144 1500
1493 1713
1493 1113
249 1644
1644 249
249 1644
652 1317
1644 249
298 323
1018 1644
27 1079
1644 1018
257 42
1408 1624
249 1644
249 1644
1079 27
27 1079
1436 582
193 1647
990 1113
191 429
1072 1158
1072 878
1079 27
783 249
970 1255
970 1641
1118 1542
1624 1408
1624 725
1339 1255
1489 249
1489 249
1313 9
1313 507
1313 1403
1314 1346
27 1079
908 1717
199 1624
1346 1314
1272 1238
1624 199
1667 1181
710 1283
1113 710
1520 1181
1520 63
969 176
1190 394
1113 969
969 1113
1113 969
429 191
710 1113
1113 710
725 1624
1644 249
1624 725
1406 1362
1513 970
176 969
970 1513
1727 361
1727 1183
42 257
42 1255
42 1255
557 525
1255 42
495 1713
495 249
495 1406
495 456
1713 495
495 741
495 1713
1656 1493
1343 249
1343 1113
710 1113
63 1520
710 699
1113 1343
1113 710
1079 27
561 95
249 61
1387 557
1387 1285
1387 1285
1387 95
1343 1113
525 557
525 547
1113 1343
547 525
1111 1190
1713 525
1181 1667
249 1343
249 1489
1713 1181
525 547
525 1713
1713 525
547 525
525 1713
1713 525
525 547
525 1713
1190 1111
1295 431
394 1190
1667 1181
27 1079
1079 27
9 1731
9 1343
1290 1677
431 1295
1130 1713
1713 1130
711 642
249 1644
1713 1312
249 1136
249 819
249 843
1731 9
249 852
249 592
852 249
249 852
318 67
249 475
475 249
249 475
475 249
249 475
475 249
249 475
249 809
809 847
809 249
249 809
475 249
249 475
475 249
1713 1299
1713 1733
249 475
259 1732
582 1436
582 1343
249 152
1434 1679
1434 970
1713 1434
1713 536
1434 1713
1713 1434
249 394
969 176
1434 488
1434 1713
1713 969
1713 409
1317 652
27 1079
620 393
54 1128
1713 282
1548 95
557 708
1548 1713
1548 482
1500 144
1713 1548
1548 1713
1713 1548
1713 495
1395 1113
495 1713
1500 708
557 1387
1548 1713
1493 1656
1338 67
1713 1548
1713 1493
557 525
1713 697
1713 1554
1548 1713
1548 1713
1667 799
1339 1554
1667 799
447 95
1548 878
1667 1548
1667 1548
1667 447
1554 1339
1231 1667
1079 27
1713 1548
1554 1713
1548 1713
1546 1554
1713 1548
1554 1546
984 1231
878 1548
1113 1395
1656 1493
400 1280
1181 1713
1181 1667
372 353
32 1731
1329 1271
42 1255
42 1509
525 557
1231 984
1434 1562
1434 193
1434 81
1434 85
626 644
626 95
61 249
697 214
1342 1343
620 1181
482 1548
1436 582
652 1317
1667 1181
1548 1713
1548 878
329 324
1314 1346
1295 431
1562 1434
1713 1585
1713 1384
1384 440
1384 440
1540 1713
1713 1540
1713 1540
1190 394
1713 893
1713 1244
1713 538
1713 1026
699 710
85 1434
582 1436
1546 1554
1346 1314
547 525
1647 193
1647 1282
1647 1282
1734 346
1183 1727
799 1667
525 547
1713 1730
1713 1234
1713 1346
1280 400
1713 1280
1280 1713
1713 1280
1280 1713
1713 1548
547 525
547 1280
191 429
1280 547
1136 249
547 1280
249 1136
847 809
431 1295
1021 1449
725 1624
1280 547
1434 1562
1434 85
1667 799
547 1280
1472 1656
1472 1346
249 1565
249 523
249 61
249 525
525 547
525 249
1548 1713
249 525
1713 1548
525 249
1629 652
249 525
1713 1629
547 525
525 249
1713 525
525 547
525 1713
1713 525
525 249
525 1713
525 1713
1713 525
525 1713
1713 525
708 557
525 1713
547 525
249 525
708 1500
249 1280
1713 525
1713 249
249 1713
1713 708
1713 1530
1713 1103
1713 817
1393 1225
1713 1436
1436 582
1436 1713
1713 1436
1436 1713
1713 1436
710 1113
710 1373
1436 1713
167 303
1713 1117
1113 710
1436 1735
1436 1734
346 1734
1713 799
312 1728
799 1713
214 697
1113 1436
1713 561
1667 1231
1142 1415
561 1713
1667 30
1667 710
1713 561
1713 710
710 1713
1713 537
1667 983
1713 561
561 1713
1667 983
1713 561
1562 1434
1436 1113
1520 63
969 234
537 1713
1113 1436
561 1713
783 362
1436 1113
1113 1436
362 783
1436 1113
783 362
1667 167
1667 1436
1238 1272
1238 8
277 1688
1415 1142
1280 249
1280 547
63 1520
63 193
1346 1472
1343 9
1343 1113
1343 249
1343 582
1231 1667
1343 1342
1667 1231
1231 1667
1113 1343
1113 1436
447 1667
249 447
1667 447
1679 1434
1493 1656
1713 1493
1493 1713
1713 1493
482 454
1493 1713
1713 1493
1493 1713
393 1190
557 525
1346 1433
652 1629
1158 1072
557 708
1713 1546
809 847
303 167
242 783
242 787
1520 63
85 1434
525 557
1431 431
81 1434
1346 1314
843 249
249 983
1713 1387
1387 1713
1713 1387
249 843
1387 1713
1713 1387
431 1431
249 175
1548 1713
843 249
95 561
843 1237
249 843
249 44
1472 1346
1647 1297
1500 708
1713 1548
1730 1713
249 1730
249 809
809 249
249 809
1548 1713
193 63
847 809
44 249
394 1190
249 44
429 191
582 1343
582 1436
249 582
447 1667
768 1280
1713 1548
249 969
1713 249
1713 809
1713 1730
697 214
1713 697
697 1713
1713 697
1713 1118
249 1713
1713 36
697 1713
224 175
249 32
32 249
32 1488
32 697
847 969
32 312
249 32
32 249
32 1231
249 32
462 713
462 1713
32 249
249 32
32 249
249 32
1237 843
1509 42
1730 249
1730 1713
1713 1730
32 393
1346 1472
1647 482
1736 318
1736 109
249 1730
249 1629
1713 1629
249 1312
249 1111
1111 249
482 1647
249 1111
1111 249
249 1111
249 569
1667 447
249 598
1713 598
741 495
1713 1130
1713 975
975 1713
1713 975
1713 1346
975 1713
249 1546
249 1255
249 1624
249 1665
249 393
393 249
525 32
525 155
1190 394
843 249
843 1237
1730 249
1346 1713
1346 719
969 249
1725 969
969 847
969 1725
969 739
561 95
249 969
155 525
249 1542
249 1485
468 537
32 525
1725 969
249 1673
1713 969
249 378
1713 378
375 167
1231 32
557 843
1130 1713
1624 725
1624 249
447 1667
1713 1029
1118 1713
1713 1118
1118 1713
1733 1713
847 969
1713 1644
1280 768
809 249
809 847
809 1713
167 1409
1431 431
969 1725
249 212
212 249
212 303
525 32
249 212
525 155
430 536
430 194
430 277
430 638
430 69
430 297
430 72
430 323
430 475
430 27
430 44
430 144
430 8
430 175
430 97
430 260
430 220
249 1395
249 997
1713 536
1713 809
1713 1737
1314 1346
1346 1314
615 245
1644 1713
1713 1644
1181 620
1158 1072
431 1431
431 396
1540 48
1540 781
9 1343
9 1731
1540 518
1488 32
809 1713
242 1178
245 615
1713 809
1713 474
1540 1738
32 1488
32 474
1548 1713
1713 1548
72 430
1647 482
1647 714
1644 1713
1713 1644
1713 1647
1647 1713
1738 1540
1713 1647
1343 1113
1343 582
1343 9
1644 1713
1713 1644
1644 1713
1181 620
175 224
620 1181
191 429
191 952
209 1699
394 1190
1713 61
620 1644
1434 81
1434 85
1434 1679
620 27
1434 1312
1434 1562
1434 1312
1540 1738
1181 620
1509 1624
620 1181
342 523
708 1713
708 557
708 1500
1713 1739
1667 1231
233 193
443 32
443 1409
443 42
1142 1415
199 1739
97 726
1562 1434
1739 1713
1739 199
63 193
63 1520
415 997
204 456
32 443
9 1343
809 1713
1406 495
959 699
1713 809
1042 32
1472 1346
843 557
620 1487
858 701
1520 63
283 69
878 783
48 1540
1485 249
249 1485
1346 1472
540 1142
1 312
719 1346
1575 142
249 502
249 1344
1509 1680
249 809
809 1713
809 249
249 809
809 249
249 809
809 249
249 809
249 1244
1244 249
249 561
561 249
163 986
249 561
249 394
9 1338
249 1231
708 281
474 249
482 1647
249 474
249 708
474 249
249 474
415 997
95 1387
214 697
1540 1379
1344 249
249 474
249 1302
67 1338
249 1739
409 1713
1713 409
220 430
474 249
474 1158
1181 620
160 429
160 1181
1021 1069
1732 259
1346 719
249 61
1540 48
1540 47
342 523
1472 1346
249 97
27 430
394 249
249 394
1713 809
308 1346
27 620
1158 474
312 194
1713 525
525 1713
1343 9
1713 525
525 1713
525 1713
1713 525
525 1713
1713 525
1713 525
1190 394
1190 393
1190 1111
697 214
67 697
48 1540
1240 809
474 1158
389 249
1739 249
249 1739
1548 1713
1740 504
249 1136
1647 1713
1647 482
1181 249
1387 95
1387 1713
1713 1548
1713 1647
1346 1472
1713 1346
1408 1624
1026 1713
1026 1716
1346 1713
1713 1346
1713 1026
214 697
1295 431
1713 599
768 1280
249 678
1713 1733
482 1647
52 1698
249 865
249 52
474 32
474 1713
249 44
249 1142
1142 249
249 1142
1231 1738
1231 984
1231 249
1255 1342
1142 540
1142 249
1285 1190
249 1142
249 1280
1285 1644
1285 1387
1280 768
1280 249
1644 1285
1285 27
1644 620
557 708
1142 249
1285 1644
249 1142
1644 1285
557 843
1738 1231
1727 143
843 557
557 1280
843 1237
1644 1285
557 843
1285 1644
1285 1644
494 389
1285 437
708 557
1285 708
1282 1647
708 1285
1285 708
557 1644
557 708
494 389
32 474
9 1343
984 1231
1472 1346
843 557
249 42
377 95
1026 1713
193 233
193 1434
193 393
557 843
249 518
1713 1652
1158 474
598 652
843 557
1673 249
1346 1472
1713 1280
95 1387
1713 1585
1280 1713
1585 1713
1713 1585
1585 1568
1585 1713
1713 1585
1713 462
1585 1713
1713 1585
1713 1665
95 447
726 97
189 483
1717 1739
540 1142
95 626
163 1026
95 561
95 1161
95 960
95 1673
719 1346
95 719
27 1285
1395 249
495 741
495 1406
620 1181
620 27
1346 719
708 557
36 1713
1713 36
27 620
1342 1343
1713 708
1059 713
1142 540
281 708
1231 984
617 1713
1713 617
1713 617
617 1713
1713 617
984 1231
1728 312
1713 561
1728 312
561 95
561 249
561 1713
63 1520
1540 48
1540 1520
1285 27
1285 1313
1509 1285
1285 1509
1688 277
1688 1647
1136 249
48 1540
95 561
249 1395
249 1136
1158 1072
1713 143
143 1727
143 1713
809 1240
1231 984
1540 48
1713 143
1181 620
518 249
124 1255
652 598
652 598
1313 1285
557 708
1346 346
1415 1142
143 1713
1488 32
1727 143
249 1488
249 725
474 32
474 1158
1624 1509
1488 249
249 1488
1624 1408
249 1488
1029 1713
1513 1737
1513 1737
1237 843
1737 219
1737 219
1513 1737
1737 277
1737 1127
1737 1255
144 430
1127 1251
1737 1255
32 1488
1737 1408
1737 1513
1343 9
1737 1157
1737 415
1737 415
1343 1342
1343 1342
249 1343
1737 220
1667 799
1667 144
799 1667
1343 249
561 95
713 884
713 727
1255 124
713 1059
1255 1737
249 1343
249 394
1408 1737
1408 1624
1395 341
1136 249
249 1136
415 1737
1142 1415
1713 143
1406 495
1472 1346
1346 1472
447 95
714 1647
878 537
249 868
1009 1585
1713 1029
537 468
537 878
1009 27
1713 1026
495 1406
595 191
1346 518
878 537
1009 1346
708 281
1009 537
249 708
1346 1009
249 1731
191 595
1332 1545
81 1434
557 843
1562 809
809 1562
1562 809
788 9
788 67
1713 788
1713 938
843 557
1240 809
1632 1039
809 1562
809 1240
27 1009
809 847
792 1036
27 1285
281 708
518 1346
211 525
525 211
211 525
525 211
525 211
812 378
812 378
620 1181
1190 1285
48 1540
518 1339
1415 1142
1346 518
518 1346
518 249
429 191
429 160
67 788
1342 1255
582 861
1255 1342
1342 1255
1255 1342
1059 713
1731 9
1572 1712
1488 249
1488 32
1488 518
1285 1190
1285 27
1713 27
27 1713
1713 27
27 1713
1713 27
27 1713
1069 1727
1069 1717
1713 1342
1255 1231
1406 495
8 430
1343 249
1346 518
1545 1332
1509 1285
1509 1624
249 1343
518 1488
518 1346
1624 1509
191 429
1713 1282
1282 1713
1282 1713
1713 1282
1282 1713
847 809
1343 249
32 1488
1713 1282
1282 1713
1713 1282
1737 415
1282 1713
1737 1513
1737 710
172 639
1713 1282
1282 1713
1713 1282
52 249
1240 809
1231 1255
725 249
557 843
809 1240
809 847
1346 518
67 1665
398 1013
536 1713
536 430
708 281
708 249
201 143
719 1346
1346 719
984 1231
532 536
1667 1579
1667 1346
1737 1494
1737 1639
1727 1069
415 1737
346 1346
249 725
1346 1667
1346 346
1013 398
1280 1287
1287 1280
1036 792
281 708
249 1136
398 447
429 191
1231 984
1500 1346
1713 437
518 1346
249 843
843 557
1255 1231
843 249
249 843
843 249
12 1312
249 843
447 398
557 843
843 557
557 843
843 557
557 843
621 95
984 1231
984 1231
1562 1434
1181 620
843 557
1339 1491
620 1181
1339 1546
1346 1500
1346 518
518 1346
1136 249
394 1190
394 1190
1190 394
727 713
1190 394
1190 394
495 1406
394 1190
1312 12
394 1190
1178 242
27 1285
626 95
1741 783
1342 1713
1741 798
1741 815
211 44
1741 1049
1546 1339
1713 1313
1488 518
1488 32
1190 394
1339 1546
1540 48
1313 1713
768 1280
346 1346
1346 346
346 1346
398 447
1346 346
143 201
12 1312
822 727
12 67
155 525
346 1346
1346 346
346 1346
346 1346
1346 518
1346 346
1240 809
518 1488
1280 768
1231 984
1231 984
1312 12
32 1488
1713 36
201 143
85 1434
249 85
699 959
224 175
36 1713
809 1240
1713 1493
1493 1713
176 1493
1713 1493
557 843
1713 536
1713 1342
1493 176
1493 1713
1713 1313
176 1493
1493 176
176 1493
1713 36
1493 176
176 1493
1493 176
176 1493
1713 1742
1493 176
176 1493
924 768
924 768
1493 176
176 1493
1493 176
176 1493
1493 176
176 1493
1493 176
176 1493
547 1616
1346 367
1181 620
547 143
1713 1742
1713 1313
172 1647
1713 1743
1540 1744
1406 495
711 547
1644 557
249 1238
674 1742
1744 1540
851 312
249 1644
595 191
595 1526
12 1312
1540 1744
1540 1744
843 557
176 1745
1744 1540
1540 1744
1713 1493
1493 1474
1493 1713
1493 1113
1713 1493
1493 1713
1713 1493
1493 1713
557 843
557 843
1113 1493
843 557
1009 27
1746 1021
341 1395
708 281
674 1346
191 429
191 595
1240 809
727 822
1029 1713
783 1741
1644 249
557 843
249 1644
27 1009
1190 394
1313 1713
281 708
44 211
1730 1746
199 1346
1730 1034
1730 1042
1387 95
211 44
211 93
794 1118
794 277
1746 1029
1644 249
1314 1346
1713 1029
1713 1313
447 398
367 1346
1346 367
1434 193
1434 85
1434 81
1434 1562
1346 1314
1343 212
1713 605
605 1713
1713 605
312 851
1713 1346
1346 1713
1713 1346
1346 1713
1713 1346
1346 1713
592 249
592 871
176 1747
176 475
475 176
176 475
475 176
1713 1346
249 1644
249 1489
1346 1713
1713 1346
878 438
1748 384
878 1489
67 1748
398 447
1472 1346
1118 794
1312 12
1346 1713
1312 12
1713 1346
1313 1713
429 191
429 1680
1749 1734
1749 1727
1727 1749
1749 346
1727 353
1667 537
1749 995
1727 471
1667 8
1644 249
537 1009
249 1644
1669 1665
1395 341
537 1667
12 1312
12 1312
739 969
1647 1713
1647 482
1647 1282
1647 1688
249 447
447 398
1647 714
1713 1647
1667 843
447 249
249 1742
843 1667
19 1742
193 1742
1339 1624
346 1749
1749 346
1749 346
1713 175
843 193
557 1644
984 1231
1669 454
1513 1520
1669 437
1520 1540
1520 63
1520 1513
1742 211
1520 1513
1669 1521
1520 912
1513 1520
1520 1513
1513 1520
1520 1513
1513 1520
1513 1520
1513 1520
1520 1513
1520 1513
1669 204
1513 1520
1669 979
1520 1513
1513 1520
1488 518
1029 1746
1520 1513
1669 784
1513 1520
1520 1513
1513 1520
1513 1520
1669 1056
1520 1513
1669 561
1727 97
1669 460
1669 391
1669 1423
191 429
851 312
342 971
1026 1713
1312 12
1312 12
1312 12
1440 288
1624 1339
561 1669
1669 561
367 1346
95 561
95 447
95 621
95 626
95 1387
768 924
1190 1285
768 1280
346 1644
193 843
1540 1520
1540 1669
822 727
822 1642
822 1339
595 191
211 1742
211 93
1713 135
1332 1069
1713 1346
1346 367
1644 249
1644 557
1644 346
398 447
1741 783
233 193
233 1738
233 1013
1713 233
32 72
233 1713
233 810
1713 233
1738 233
233 1738
1332 1545
233 1713
1713 233
93 211
93 36
1346 1472
233 1713
1738 233
233 1738
1738 233
233 1738
1738 233
561 1669
233 1738
1671 438
1738 233
211 93
233 1738
1713 233
561 95
233 1713
1713 561
1713 233
1738 233
431 561
431 85
431 1644
1644 431
233 1738
233 1713
361 1436
1713 233
561 1713
561 431
1713 561
1136 233
1742 211
233 1136
36 93
1669 1540
1669 561
341 1395
783 1741
1387 95
1472 1346
1346 1472
1423 1669
431 1644
431 561
1748 67
1406 1748
1013 233
1748 1406
1748 1406
1667 620
843 193
1406 1748
1748 1406
1406 1748
1406 1744
1285 27
1285 8
1285 1565
1545 1332
1713 1585
447 95
447 398
447 398
1741 783
1724 1713
1724 1543
398 447
1744 1406
1713 1724
1647 1713
1647 1669
1669 1647
1669 1423
1543 1712
1543 1739
1472 1346
1713 1647
1346 1472
8 1285
518 1488
1136 233
12 1312
12 1312
1198 1746
367 1346
211 1742
1644 431
1346 367
1724 1713
1312 12
12 1312
1312 12
12 1312
12 1312
1312 12
1312 12
1338 9
1338 67
1338 341
1742 211
1713 1724
1713 1313
1338 1042
346 1644
1231 984
288 1440
1713 1742
1644 346
233 1676
233 1676
233 1676
233 1136
42 249
1285 8
1712 1572
1713 1563
1132 1285
234 969
1285 1132
1132 1285
1285 1132
1487 620
1132 1285
1487 1520
1285 1132
1724 1713
1132 1285
708 281
1285 1132
32 1132
32 1072
1136 233
969 234
1282 1647
969 847
969 739
346 1644
749 474
557 1644
474 749
431 1644
1339 474
431 1624
601 400
1489 249
9 1343
1489 878
9 788
9 1338
674 1338
674 168
378 812
1624 431
878 1489
1423 1669
561 1713
1750 1338
561 431
447 398
1132 9
1734 1436
454 1669
212 1343
644 1749
1741 277
1280 768
211 36
1741 297
341 1338
1741 1282
1741 475
1741 475
1741 475
1741 475
36 211
431 1624
8 1285
1741 1497
1741 899
431 561
1487 974
1436 1734
1669 454
1669 1423
189 44
1741 537
1669 974
1579 1667
1741 783
1741 783
431 1579
822 727
727 822
822 727
644 8
504 1740
3 176
3 199
3 374
3 252
3 242
3 475
3 652
3 288
3 172
3 1190
3 640
3 26
1713 3
3 1103
3 1167
3 72
3 32
3 68
3 1371
3 498
3 790
3 1154
3 1662
3 881
3 840
3 302
3 2
3 62
3 1185
3 1185
3 308
3 846
3 1110
3 32
3 865
3 697
3 740
3 1237
3 1340
3 1340
3 408
3 26
3 700
3 700
3 249
3 1117
3 1620
3 1344
3 810
3 1231
3 782
3 1315
3 800
3 1751
3 1440
3 1281
3 224
3 569
3 645
3 249
3 687
3 482
3 752
3 1270
3 1127
3 1237
3 1352
3 731
3 1335
3 2
3 2
3 681
3 1415
3 545
3 26
3 1349
3 823
3 823
3 243
3 477
3 794
3 1189
3 394
3 569
3 711
3 1412
3 933
3 42
3 173
3 1317
3 1713
1713 3
3 1713
1713 3
3 1713
1314 1346
1713 1344
1644 431
1644 346
847 969
1624 431
27 1285
1190 394
32 3
67 1338
969 847
1359 1343
8 644
1540 1669
495 1406
431 1644
431 1624
1579 431
1667 1579
1624 431
127 1072
127 233
95 561
127 1724
398 447
127 1050
127 809
127 1021
127 1338
127 1312
127 1198
127 495
319 317
12 1312
9 1132
95 319
1312 12
1312 127
127 1312
319 95
85 1434
211 36
211 1742
95 319
1406 495
1655 1641
36 211
1655 1397
12 1312
1542 249
1344 1713
9 1752
1749 644
644 8
1127 1203
1647 1669
1647 1713
1647 1282
1647 1132
1647 724
1667 969
8 644
1282 1647
969 172
969 1667
1132 1647
172 969
431 1579
431 1624
431 1132
969 172
1132 431
431 1132
1713 1072
809 127
724 1647
95 1749
1434 85
1677 1290
1312 12
1203 1127
431 1111
1579 1667
1579 431
431 1579
1579 431
431 1579
1713 1178
281 708
172 969
127 809
1669 1540
1669 1647
1423 1669
95 175
1343 1359
1343 9
19 353
1647 1132
1647 1282
1647 724
1647 1669
1752 9
724 1647
429 191
1669 1423
1669 1647
1669 1655
1669 429
1647 724
1647 1669
1647 1269
1423 1669
708 281
124 1255
1472 1489
1009 27
1009 1346
201 143
1255 124
9 1343
9 97
3 32
1644 431
1543 1103
1543 525
1543 1724
1624 431
1543 969
124 1255
1255 124
431 1644
431 1624
175 95
447 398
1669 1647
1669 1423
27 1009
454 1669
1488 518
143 201
143 547
518 1488
518 1488
400 1681
400 8
400 1169
1169 400
1467 309
1520 1540
1520 1487
281 708
713 1059
201 143
12 1312
1158 1497
1332 1752
1655 1669
1655 48
1655 32
189 1742
189 1749
189 1749
189 44
27 1009
1423 1669
652 1130
309 1467
1312 12
12 1312
1543 1467
1285 1387
12 282
495 127
495 1406
1406 495
724 1647
1317 3
768 1280
1642 822
1285 27
1487 1520
93 36
32 3
1724 127
249 1724
1724 249
249 1724
1488 518
1488 518
1489 1472
127 495
127 1724
1724 127
1724 249
127 1724
1079 27
1079 27
1079 27
27 1079
398 447
1280 768
346 1644
644 8
447 398
318 1736
143 201
8 644
323 298
1647 1669
1713 1647
1647 724
1647 1713
1669 454
1669 1655
1713 1647
429 1669
1669 429
1397 1655
323 68
1669 1423
620 874
644 8
1669 1647
959 699
8 644
1198 127
1113 1493
783 1741
201 143
3 32
3 1317
1497 1158
1713 3
1713 1497
3 1713
1312 12
1675 32
1675 67
277 1741
1332 27
27 1332
27 1285
211 1742
1423 1669
12 1312
699 959
143 201
1742 211
495 1406
1713 495
495 127
495 1713
1713 495
495 1713
1387 1285
1079 27
1059 713
27 1079
1190 1488
1669 1423
319 95
617 431
617 1667
1285 27
1290 1677
1285 1387
1312 12
1312 1313
1313 1312
1313 1312
1312 1313
1313 1312
1313 1713
443 32
176 1436
431 617
12 1312
1312 12
1158 1497
1158 1497
1285 1312
233 1136
1535 1753
1312 1313
201 143
724 1647
1667 617
1667 969
32 3
32 1675
32 1731
1493 1113
1647 724
1647 1669
1713 1647
1647 1713
1713 1647
1647 1713
1713 1647
1647 1713
1713 1647
1647 1713
1713 1647
1713 1313
1647 1713
644 8
1436 176
1669 1647
1343 9
1042 1338
1042 1730
1406 495
1713 1647
1178 1713
193 118
249 582
1231 1667
1647 1669
1647 1713
249 974
1741 783
1741 277
431 1231
249 437
42 344
878 1647
41 1745
41 1652
67 1675
1730 1042
788 9
48 1655
1009 27
42 1744
1540 48
582 249
1497 1158
1497 1158
3 32
1748 1406
3 312
1136 233
27 1285
27 1009
1744 42
1423 1669
1406 1748
1669 1647
1669 1423
1231 431
95 1387
95 175
95 319
9 788
312 3
9 1343
175 95
12 1312
1624 431
1042 1730
969 1667
431 1231
431 1624
1730 1042
233 1136
233 127
1624 431
495 1406
431 1624
1312 12
1624 431
1748 1406
1406 495
1406 1748
1343 9
27 620
1474 1493
1285 27
525 1543
431 1624
1748 1406
483 189
1406 1748
1748 1406
1644 346
1406 1748
724 1647
1009 27
1647 878
1647 1669
1647 724
1423 1669
620 27
27 620
1520 1487
1493 1474
1669 1423
620 27
1253 644
1158 1497
1158 1497
1675 67
1644 431
874 620
874 620
561 431
620 874
561 95
1395 1113
36 211
211 36
431 1644
431 561
1423 1669
874 620
620 874
1669 1423
812 378
874 620
27 1285
27 1009
95 561
319 95
95 175
95 319
1127 1203
1543 1724
697 214
1136 233
440 1384
997 415
1423 1669
495 1406
214 697
1669 1423
233 1136
233 193
415 997
193 233
191 429
233 193
724 1647
1497 1158
85 1434
561 431
561 95
1423 1669
431 561
95 561
697 214
1488 1190
1669 1423
1746 1730
1434 85
1158 1497
3 312
67 3
249 67
1190 1488
1644 1754
1647 878
1647 724
144 12
144 9
847 561
561 431
561 95
561 847
561 1713
673 1253
1755 642
1406 495
1713 561
1724 1543
1409 443
1409 167
878 1647
189 483
483 189
1667 654
1346 1314
495 1406
1655 48
1655 719
474 1285
1285 474
1285 1312
474 1285
1285 474
621 924
621 1647
621 924
474 1285
1748 1406
1748 799
429 191
847 561
431 561
431 1316
1316 431
1072 1158
431 1316
1632 1039
3 144
1756 1655
1312 12
1713 1585
561 1713
561 847
561 431
749 474
431 561
1543 1724
191 429
312 3
1740 504
788 9
12 144
12 1312
249 495
308 1655
1436 1757
561 431
431 561
1626 1624
431 1731
1731 32
144 3
144 12
12 144
144 12
12 144
144 1758
144 12
12 144
144 12
12 144
144 12
719 1655
12 144
144 12
12 144
144 12
1713 788
12 144
144 12
12 144
12 1255
346 1749
1624 1626
308 254
1312 12
9 788
9 144
9 1343
429 191
144 9
1741 277
1741 391
1741 784
1741 277
1741 1380
1741 1497
1741 1282
1741 475
1741 773
1741 1391
1741 588
1741 1673
118 193
249 144
468 1748
1647 878
1647 621
1676 233
1676 233
525 211
95 561
727 561
1533 1489
1749 346
1673 1741
970 1748
3 312
3 1728
3 1738
3 27
3 249
3 970
1467 309
1655 719
1285 27
9 144
9 1655
9 1467
9 1731
9 1489
9 97
9 8
9 1255
9 1308
1308 9
9 1308
9 1759
9 1760
9 1749
1308 9
1308 9
9 1742
9 1308
9 1719
9 1753
1308 9
8 9
9 1308
9 8
1308 9
9 1308
191 429
8 9
9 8
9 1308
1308 9
8 9
621 1647
1655 9
1285 1731
1285 8
8 1285
1741 1673
1741 277
1255 12
1255 9
1313 1713
810 233
27 1285
810 1338
308 674
1346 1314
1758 144
1731 9
193 118
193 118
312 3
474 749
1754 1644
144 1758
175 95
346 1655
175 95
494 389
1343 9
995 27
1644 1754
995 1749
447 395
995 318
995 318
1113 1493
1644 995
249 447
144 1761
1113 1395
995 1644
1644 995
995 1644
1644 995
995 1644
1644 995
995 1644
1644 995
1497 1158
995 1644
249 1497
995 1644
1644 995
27 995
1644 995
995 1644
995 1644
995 27
1754 1644
1253 673
810 175
1762 1281
1758 144
67 318
67 713
67 97
67 97
67 97
1346 1678
1678 1346
1678 475
3 312
1756 713
1756 1644
1756 1375
518 1346
768 1280
1467 9
1121 142
12 1255
12 1312
12 1313
12 1387
1346 1678
312 1
1493 1113
1280 768
1281 1762
431 1497
308 1762
1127 1665
1127 997
1568 1585
175 810
509 1026
1644 1756
823 242
249 44
810 175
44 249
249 44
44 249
175 810
9 1467
9 1343
9 1731
9 1255
9 1655
9 1308
1762 308
1762 1281
1281 1762
810 175
175 810
67 1346
67 1239
308 1762
1343 9
1343 3
1343 12
1343 12
9 1343
9 1387
9 1265
9 1763
9 1763
9 1763
9 1763
9 1763
9 724
561 431
561 95
561 727
12 143
12 1343
12 9
9 12
9 12
143 12
429 191
12 143
12 1763
1763 12
12 1763
12 1313
1313 12
12 1313
1313 12
1395 1113
1395 1746
12 1313
1313 12
12 1313
1313 12
12 1313
1313 12
12 1313
1313 12
12 1313
1313 12
1313 12
12 1313
12 547
1313 12
1647 621
12 1313
1255 9
12 1313
1313 12
1009 27
161 1255
483 1408
1762 308
1762 1281
810 175
843 1237
1346 1314
810 175
9 1255
1493 1113
9 847
27 1009
144 1758
431 561
615 1764
1673 161
1758 144
143 12
67 1034
1158 1072
1158 1497
72 1765
1253 1157
1678 779
582 27
3 1343
242 823
255 1
1 255
1281 1762
1762 1281
1255 1673
1255 1673
1308 9
1255 161
495 249
9 1308
175 810
27 582
191 429
1265 9
1716 1308
1756 1644
443 1409
9 1265
582 1678
1763 12
1265 9
810 175
1644 1756
1644 1754
1308 1716
1308 9
1127 1350
1127 547
1285 27
652 52
12 1763
144 1758
1359 1343
547 1127
1754 1644
12 1313
12 143
12 8
1343 9
1343 1359
1343 12
1343 3
1343 12
1312 12
12 1312
1713 1312
12 1343
1758 144
1312 12
12 1312
617 431
1678 711
1678 711
431 617
1667 1280
1748 468
1748 970
9 1343
1343 12
9 1308
1343 9
799 1748
1281 1762
19 1181
19 8
8 19
429 191
429 242
1741 475
1280 1667
674 1280
194 9
1678 328
1391 1741
242 429
27 1285
3 1
1312 12
1644 1754
1698 1644
1756 1644
1756 69
1756 69
1756 69
1756 1312
1756 1403
1762 308
175 810
1313 12
582 27
27 582
308 1762
582 27
810 175
1359 1343
1342 1359
1359 1342
1403 1756
1756 1403
1253 812
1545 809
1644 1698
1644 1756
1308 9
312 1
194 199
194 295
809 1545
1127 1260
429 242
1127 547
1127 1034
1127 142
1312 1756
1762 308
144 1758
48 1540
52 652
9 194
9 1343
9 1308
1346 9
1343 9
1343 1359
242 429
1754 1644
1713 1308
1713 233
233 1713
1713 233
233 1713
1713 233
233 1713
233 1676
1713 233
233 1713
1713 233
799 1475
175 810
1758 144
843 1237
1644 1754
970 1748
277 252
1280 1738
624 595
1716 1308
1716 1308
191 429
1493 1113
9 1343
9 1346
144 1758
1113 1493
1346 9
1493 1113
1509 1669
318 995
561 431
561 95
727 1280
810 175
431 561
1762 308
1253 1744
1285 27
1 312
1738 1280
1669 1509
3 32
1 1655
1343 9
1758 144
1698 1644
309 1467
1280 727
175 810
429 191
308 1762
1253 984
1253 549
1644 1698
1310 561
727 1280
1253 1765
1026 509
1741 1391
1713 809
9 1346
9 1343
1749 1063
595 1101
595 1101
1762 308
1346 9
1 312
3 1
1 3
1 3
1744 1253
3 1
1 3
3 1
809 1713
1655 1
12 1313
12 1312
12 1343
1313 12
856 1117
312 1
1 312
9 1346
9 1255
1346 9
9 1346
193 1362
1308 1713
1308 1716
12 1313
810 175
175 810
1312 12
1647 233
1647 749
1713 809
644 143
768 774
1253 1744
1281 1762
12 1312
711 1678
1313 12
1676 233
1748 970
1748 172
32 3
389 494
42 1329
1329 42
42 1329
42 1731
1748 1440
144 1758
1748 1075
1075 1748
143 644
1343 12
1748 1075
1343 9
970 1748
970 1641
970 774
970 298
1314 1346
1023 1766
271 277
271 638
271 713
443 42
298 970
995 318
1765 1253
995 318
1765 72
1181 19
9 1343
9 67
191 429
1255 42
1765 1253
1762 1281
1280 727
1713 1195
1624 48
48 1624
1742 211
67 9
67 1767
67 1768
67 1769
67 1760
67 1749
1042 1338
970 710
1253 1765
3 32
3 32
1346 1314
1312 12
1677 1290
1756 1644
1756 1312
1403 1756
1748 970
1281 1762
27 582
27 1285
1042 67
1042 1730
561 431
1624 48
561 1310
1713 561
167 1758
1765 1253
431 561
211 1742
1762 1281
1762 308
1762 308
1742 211
312 1
1509 1744
1 312
1281 1762
105 713
105 1624
105 42
105 1644
308 1762
1624 105
1644 105
1644 1756
12 1312
12 1343
12 1312
1756 1644
1756 8
1644 1756
1756 1644
1130 652
67 710
8 1756
1756 8
810 175
8 1756
105 1644
105 1624
494 389
233 1647
233 1676
1624 105
1343 12
1676 233
12 1343
1343 12
1343 9
12 1343
582 27
1343 12
12 1343
1343 12
1310 561
1285 27
1644 1756
1644 105
1285 1312
12 1343
12 1313
12 1644
12 27
1313 1285
1644 12
12 1644
1644 12
12 1644
727 1280
1644 12
1440 1748
1343 12
1312 12
1312 1756
1312 12
1034 1624
44 1669
12 1644
12 1312
12 1343
27 12
12 27
12 67
1624 1034
1624 48
1762 1281
1758 144
9 1343
1678 1118
1644 12
172 1748
32 3
1343 12
1343 9
9 1343
32 1042
1238 32
1343 9
32 1238
9 1343
32 9
9 32
9 32
1238 32
1343 9
9 1343
1343 9
1343 9
9 1343
9 1343
9 1343
1343 9
1343 9
9 1343
9 1343
1343 9
9 1343
9 1343
9 1118
144 1758
95 561
1280 727
95 175
1762 308
67 1770
48 1624
189 358
189 443
189 1749
105 1644
105 1624
3 32
105 1624
105 1624
105 474
189 708
189 44
1756 8
1756 1403
1756 1644
1756 1312
27 12
27 1285
1624 48
1624 105
1686 27
27 1686
1686 27
27 1686
1312 1756
1312 12
105 1624
67 394
67 394
105 1027
105 1518
1644 105
1644 1756
1686 1644
105 1644
1644 1686
1686 1644
1644 105
1644 1686
1686 1644
105 1644
1644 1686
1644 105
105 1644
1644 1758
105 474
1644 105
105 1655
105 1644
105 1641
1644 105
105 1644
105 1118
105 44
105 474
1644 105
105 1485
105 1644
105 9
1644 105
1281 1762
44 105
1281 1771
1676 233
105 44
105 1644
95 1452
1756 1644
12 1312
12 27
1669 44
27 12
429 191
191 429
1713 1195
1624 105
308 1762
1771 1281
1118 9
1118 1678
1118 105
1285 1313
1285 1190
1467 309
277 271
9 1118
9 8
1118 9
474 105
1281 1771
1644 105
1644 1756
12 27
1312 1313
97 9
749 1647
673 1253
1762 308
1762 245
673 1253
1565 27
8 9
1713 617
105 1624
105 1118
105 474
105 1644
617 1713
1713 617
175 810
1118 105
1395 1772
1667 105
1772 1395
1667 1118
32 9
1713 1585
67 1042
1713 525
32 9
32 9
32 12
525 1713
1313 1312
1253 673
809 1713
809 642
1647 749
1667 942
474 105
67 256
67 474
1686 256
1624 105
1034 1313
1731 9
1731 42
474 67
1624 48
984 1208
1059 713
67 1344
429 191
810 175
1313 1034
67 1675
674 1253
1713 1493
191 429
44 1669
189 144
1773 679
1545 809
1344 67
1312 1313
27 12
1312 1344
1756 1644
1489 1533
1756 286
1756 286
1756 286
1756 286
1756 1130
1756 1130
1756 1130
1756 1130
1756 525
1756 525
1395 1772
9 32
9 1731
63 127
1 312
9 97
9 8
9 1118
1118 1667
1118 9
1344 1312
1758 144
1758 1644
1644 1758
1644 1756
429 191
430 72
430 144
430 8
9 1118
1118 9
1118 9
1756 1644
1127 319
561 431
1716 1308
1716 1308
191 429
679 1773
561 1310
1237 843
1686 1395
561 95
561 1713
697 642
175 95
697 1774
1493 1713
1312 1344
1387 9
1387 12
1387 95
431 561
9 1387
1034 1313
1308 1716
1624 48
1758 1644
1772 1395
175 810
1238 1472
749 1647
1253 674
561 431
1644 1758
1773 679
710 970
710 67
1686 710
710 1686
1253 1773
1686 710
674 1253
1762 431
620 27
431 561
431 1762
1472 1238
1253 674
843 1237
19 8
19 1181
674 1253
852 1775
1195 1713
48 1624
642 809
642 697
809 1545
970 1748
970 710
429 191
67 710
67 1776
67 1775
67 1777
67 1777
67 1770
9 1313
9 1313
9 1313
9 1313
9 1313
67 9
8 9
1778 234
1 1779
1403 1756
1762 431
1231 1168
32 1731
191 429
32 443
32 377
1756 1403
1748 970
1748 172
1395 1772
27 620
1395 1686
394 1190
1624 48
1052 697
1190 1285
1190 394
1052 1238
652 1130
95 1387
95 44
1281 32
561 431
1168 1231
9 8
431 1762
431 561
9 32
1285 1190
525 1756
44 95
1756 525
525 1756
429 191
1491 132
312 1
1756 525
1772 1395
1 312
1 312
1313 9
1313 9
1313 9
1313 9
1313 9
543 1513
1231 1168
1756 474
697 1052
697 642
1758 1644
474 1756
525 1756
1403 1756
1624 1052
1647 749
995 318
32 1281
32 9
105 1624
1644 1758
105 1118
172 1748
105 1624
1168 105
105 1168
1624 105
105 1624
105 1039
1624 105
105 1624
105 1255
1255 105
105 1255
1624 105
105 1624
1395 1772
1772 1395
1181 19
1624 105
105 1624
1713 593
621 593
593 621
1624 105
105 1624
19 1181
19 1313
105 19
1686 1026
1026 1686
19 1313
1686 1026
19 1026
1313 19
1026 1686
1686 1026
19 1313
19 1313
1026 1686
1026 1686
1686 1026
1118 308
1026 1686
1686 1026
1780 1255
8 9
105 557
105 557
27 1686
191 429
1773 1253
1253 1773
1741 593
42 1255
42 105
1756 1403
1312 1313
1756 1312
1312 1756
1756 474
1756 1312
1468 1554
1686 27
561 431
394 1190
431 561
9 8
44 36
27 1686
36 44
1313 19
1313 9
1313 1312
19 1313
309 1467
1395 1772
105 42
1190 1285
12 1387
12 27
12 1644
12 1343
12 1313
12 1312
1312 12
1313 12
1127 1771
1313 19
739 969
12 1313
12 1312
1772 1395
9 1313
1052 697
1052 697
1338 341
1052 1338
1338 9
1338 1052
1052 1338
1338 1052
1338 1052
1052 1338
1052 1338
1338 1052
1052 1338
1285 1190
1338 1052
19 1313
1624 1285
1190 1285
1338 341
1624 1052
308 1118
1748 172
1748 1362
1313 19
1313 9
1118 308
1313 1624
1624 1313
1181 19
516 1445
516 1445
516 1445
1313 1624
557 105
19 1181
19 1313
398 27
1545 809
342 843
172 1748
1313 19
1771 1127
1775 67
1775 852
105 557
1713 1775
1775 1713
674 1338
431 483
19 1313
431 1585
431 1771
431 727
1238 1052
1713 1775
843 342
652 1728
1748 172
561 431
1052 1624
1052 1238
431 561
431 1039
1771 431
1312 12
27 398
431 1771
1127 1771
1127 1203
172 1748
1395 1772
407 372
429 191
12 1312
344 42
1362 193
1362 1748
308 1118
1771 1127
652 862
1343 12
1312 12
1127 36
1772 1395
1686 27
1314 1346
1758 1644
1758 167
105 852
9 1338
9 1313
9 32
12 1343
12 1312
1686 475
557 302
302 557
557 302
1313 9
302 557
