621 593
557 302
1343 12
431 495
431 394
557 302
302 557
398 27
302 557
1472 27
1118 308
36 1127
191 429
105 639
105 639
1349 1183
561 431
1585 3
3 1585
431 561
32 9
1127 36
1312 12
768 593
768 1280
431 969
969 431
431 969
969 431
969 431
431 969
431 1312
271 277
1624 1313
1624 1052
1716 1308
1285 1624
1285 1021
1181 19
1009 27
1009 27
1312 431
1052 1624
1624 1285
1624 1052
431 1312
1285 1624
1312 431
431 1312
1773 1253
1624 1285
19 1181
1280 768
1253 1773
198 809
431 1255
9 1313
1285 1624
32 938
32 67
1313 9
1624 1285
642 711
67 1304
1533 594
1686 358
711 642
358 1686
1686 358
431 358
1686 1624
358 1686
358 431
1686 358
1758 474
431 358
642 711
358 1686
358 431
711 642
431 358
474 1758
19 447
1052 1624
812 1253
1021 1285
557 302
377 32
302 557
809 198
1346 1314
271 27
271 1644
1675 67
1312 431
1644 12
27 1686
27 398
27 1472
27 1009
561 431
27 271
431 1312
431 561
1161 257
1314 1346
1312 431
431 1312
1716 1775
67 1775
198 809
9 1313
431 1190
1190 431
431 1190
1190 431
431 1190
809 198
1775 1716
1775 67
12 1644
12 1312
12 1343
42 1255
95 561
95 175
95 44
768 1280
1255 431
431 1255
51 1775
233 1676
233 193
1312 12
1312 431
1775 51
1313 9
1313 1034
1285 1021
95 868
105 1312
431 1312
674 1724
193 233
44 1406
1406 44
175 95
1313 1312
1624 1686
296 1565
1565 296
51 1775
1343 12
766 1513
44 95
1624 1781
516 1724
674 70
19 1313
620 1487
1562 1565
1034 1313
1280 768
1775 51
1332 1342
105 474
474 105
105 474
639 105
105 639
639 105
105 639
639 105
1440 1782
483 431
3 687
3 2
3 234
3 928
3 754
3 1461
105 639
1675 32
1551 1636
1190 1285
1021 1285
1127 1350
431 483
1313 1034
1517 1562
198 809
342 975
1467 309
1342 1332
1676 233
856 1398
1562 1517
1282 1741
1332 1342
234 1778
1332 1545
1332 1313
1342 1332
32 1675
32 377
32 1781
32 1565
1474 1493
1474 598
1647 749
483 431
1313 1332
1313 19
1255 431
639 105
105 639
19 1313
105 494
51 1775
494 105
494 429
1002 273
1731 9
105 494
105 358
260 430
1493 1474
12 1312
1312 12
12 1312
1312 12
12 1312
1312 12
1332 1313
1332 1342
561 431
1741 1282
1748 172
431 561
431 1255
431 483
494 105
429 494
1783 260
144 1758
1783 52
1783 144
144 1783
105 494
144 1783
561 95
1783 144
1313 1332
144 1472
561 431
1781 32
431 561
1313 1312
1713 561
144 1783
561 431
431 561
144 142
561 1713
617 1713
1713 617
1724 516
1783 212
1724 674
1332 1313
868 95
1332 1781
1332 1781
1781 1332
1332 1781
1781 1332
1332 1781
1255 431
1781 1332
32 1781
1781 32
1332 1781
674 1724
1781 1332
1332 1781
1332 1781
431 1255
938 32
1781 1332
1332 1781
1332 1436
1781 1332
1332 1781
1781 1332
1332 1781
398 27
1472 144
1675 32
393 193
1440 494
1346 1314
42 1440
42 72
72 42
1440 42
1545 1332
1713 617
483 431
249 483
1312 1313
1756 483
27 398
1332 1545
398 27
1758 144
494 429
494 1440
398 1738
105 639
1183 1349
431 483
105 308
358 105
483 1756
483 249
483 431
431 483
431 1748
1748 431
1748 431
1748 1472
1748 830
1472 1748
1748 1472
1748 1472
105 358
358 105
1713 1585
1585 1713
1713 1585
1585 1713
1713 1585
483 431
1313 1332
642 36
1783 1585
1346 1783
3 1784
1783 1346
105 1585
1313 19
1346 1783
1013 398
1034 1313
172 1748
398 1013
1487 132
105 1487
1487 620
1487 105
105 398
105 1487
1783 1346
431 483
431 1748
1783 1346
398 105
1346 1783
1238 1052
1434 1313
1783 1346
1346 1783
36 642
483 431
27 398
3 1748
42 72
431 483
483 431
353 1772
1052 1238
431 483
431 353
431 429
431 773
249 483
483 431
483 249
9 1731
9 1313
9 1313
1 312
1756 483
1748 431
1517 1562
1517 1562
1313 1434
431 483
431 1748
431 727
1783 1346
1373 710
132 1487
27 652
19 1313
483 431
398 27
483 1756
308 105
308 1762
312 1
431 483
483 431
642 36
105 308
105 398
32 938
1785 67
32 1675
319 1127
1434 1313
652 27
1332 1313
8 32
12 1312
1783 1724
27 652
27 398
1772 353
1285 32
8 32
398 27
652 27
271 27
1748 431
1785 32
1724 1783
1042 67
32 8
32 1285
32 8
32 1785
1756 483
483 1756
431 1748
768 1280
710 1373
132 1487
809 198
1585 1783
557 302
1762 308
1647 494
639 105
384 1748
1280 768
105 639
72 42
1750 1338
899 101
1756 483
1312 12
27 652
27 398
27 271
483 1756
1312 1313
1786 1624
1786 1344
1786 1231
398 27
652 27
810 175
494 1647
1313 1312
1313 9
1313 1332
1313 19
70 674
1748 384
749 1647
9 1313
1312 1313
975 342
144 1758
144 1472
144 12
969 1416
969 1756
1756 969
969 1756
1756 483
1756 969
969 1756
1756 969
969 1756
1756 969
1 312
12 1312
1312 12
12 1312
1312 12
12 1312
1312 12
1487 132
1487 132
809 198
1545 1332
1545 1754
1545 1754
1545 1754
1545 1754
1772 1395
95 1246
768 1280
1758 144
12 1312
1332 1313
1313 1312
1395 1772
1313 1332
1313 9
1332 1313
1313 1332
1772 1395
474 1786
144 1758
19 1313
19 1645
19 1645
1312 1313
1312 12
468 1585
1168 632
595 1101
12 1312
12 144
429 431
1312 12
1246 95
271 27
1783 1246
585 495
175 810
12 1312
1280 768
233 1676
438 319
189 1749
1 312
1 3
810 175
1169 547
997 1127
997 1425
431 429
1231 1750
652 105
1127 997
1127 319
36 44
1472 144
495 585
1215 194
1731 9
620 1487
249 503
443 32
67 1781
175 810
1585 468
27 398
1487 620
27 652
27 271
398 27
1344 1786
1647 494
1786 1344
1786 474
429 494
429 191
429 431
503 249
1644 140
1644 271
1644 12
431 429
9 1731
9 1313
1675 32
847 1675
27 398
95 175
95 44
398 27
398 27
95 561
1342 942
95 868
95 1246
342 975
1349 1183
1246 95
652 27
105 652
105 1624
105 1781
1624 105
1624 474
27 398
1127 1585
431 1395
810 175
105 1624
1624 105
105 1624
652 105
494 1647
494 429
942 1342
652 105
27 652
1342 942
398 27
561 95
291 1787
291 1787
191 429
1788 1771
1771 1788
1788 1771
1771 1788
1771 719
1758 144
674 1789
97 871
398 1013
1312 12
719 1771
429 191
1781 67
1781 105
652 27
1771 719
1013 398
398 1013
191 429
12 1312
975 342
398 1397
942 1342
1013 398
398 1013
1013 398
1013 398
398 1013
398 1013
1562 898
1013 398
557 1338
1338 557
1 1790
249 503
1101 595
1675 847
1675 847
1675 1
1 1675
1 3
1675 1
1 1675
1675 1
1676 233
1312 12
474 1786
1543 70
1543 109
105 1781
105 652
1543 1768
105 1771
1395 431
431 1395
847 1675
1786 474
1342 942
1786 474
942 1342
652 105
27 398
27 652
105 652
1397 502
1585 1127
319 438
319 1127
474 1786
474 1786
1771 105
1771 105
503 249
1059 713
398 27
969 1756
1756 969
1771 1285
1686 27
1724 1786
32 1791
1786 1724
1786 1255
1255 1786
1786 1603
1786 1491
1786 1344
1786 1280
1280 1786
1 1675
140 1644
189 1749
969 1756
1675 1
1675 847
105 1675
1168 1624
1675 105
175 810
1644 140
27 1686
105 1675
1491 1786
1756 969
1756 1603
1756 1130
105 97
1724 1786
105 1724
1724 105
1724 1791
713 1059
847 1675
1624 1168
1059 713
1127 1603
1127 1724
1724 1127
1127 840
1724 1127
1127 1724
1724 1127
431 1724
1724 431
105 1724
1285 1771
105 1724
431 1724
768 1280
1436 1332
639 105
652 27
1285 1190
1626 1
1313 9
1313 9
713 1059
810 175
105 639
105 398
494 1436
1724 431
398 105
1724 105
1509 199
1509 193
1792 1285
1792 1168
1168 1792
1792 72
172 1748
1792 1168
1792 520
1792 1399
1792 1310
1792 278
1792 1583
1436 494
1771 1285
1346 1433
1792 474
1280 768
431 1724
175 810
1285 1792
1285 1771
9 1313
9 1313
1 1626
1314 1346
72 1792
12 1312
1168 1792
12 997
12 9
12 1343
1 3
1031 1739
1031 707
1031 831
1344 1786
1792 1285
1792 72
1792 1168
1792 1373
249 503
1 3
1 3
1 3
1 3
1 3
199 1509
1748 172
1793 1474
1543 1215
1786 1344
1543 639
1312 12
105 1724
105 398
105 1792
105 1756
1059 713
1059 713
474 1792
1792 474
27 398
27 652
1756 105
398 105
398 27
1127 1794
1346 1314
105 398
105 1756
27 398
1756 105
1756 105
1756 105
312 132
749 1788
303 1724
211 1
211 93
1285 1792
398 27
398 105
398 697
1771 1285
93 211
1343 12
1756 1346
831 1031
1031 831
1031 651
132 312
1792 1285
1792 620
1346 1756
1021 1449
286 1756
856 50
1724 303
1724 105
1724 431
1297 1771
1786 1344
1792 1042
1792 341
140 1644
1 211
1771 1297
1 312
431 1724
72 1792
1 1626
1626 1
1 1626
1 1626
1626 1
1626 1
1626 1
1 1626
1 1626
1 1626
1 1626
1 3
1756 1346
1756 286
1756 1644
27 398
1792 221
1297 1771
1543 483
652 27
652 105
1346 1756
1786 1308
1543 893
1543 335
1543 256
1543 588
1543 1214
1543 1029
1543 1376
1543 375
1543 595
1543 1255
1543 561
1543 874
1543 840
105 652
105 1724
105 398
1543 657
105 1756
1543 600
132 1491
1543 190
105 713
105 1543
1543 1260
1543 697
1543 105
1543 1046
1543 852
1756 1346
1543 523
1543 1385
1543 302
1543 443
1543 1675
1543 553
1543 943
312 132
312 1
3 1793
1 3
1 3
1 3
1 312
132 312
1543 318
768 1280
1434 1344
483 1543
398 105
398 27
398 27
286 1756
1255 1543
494 1436
583 821
697 1543
1756 286
1647 714
1756 1436
1491 132
1285 1792
1310 1792
249 1489
101 193
342 588
342 588
342 588
342 588
342 588
312 132
105 1543
105 398
318 1543
318 1285
1285 318
398 105
1724 105
1724 431
431 1724
620 1792
193 101
1436 494
1436 1756
847 818
818 847
398 1136
443 1543
847 818
818 847
898 1562
1756 1436
1756 105
32 818
1485 1756
1436 1756
1562 898
874 1543
1542 818
852 1543
105 1756
105 1724
105 398
809 912
847 818
398 105
144 1472
144 1758
1786 1255
3 1795
1750 1231
1472 144
818 1542
818 32
818 847
547 1169
898 1562
847 818
1724 105
1724 431
504 1740
1167 713
1750 1338
1750 1246
1280 768
1416 969
431 1724
32 818
494 1436
1562 898
652 1565
1724 431
1168 1750
105 1724
1750 1168
105 398
1168 1750
1750 1168
1542 818
144 1472
144 42
1168 1750
1183 1349
1472 144
105 1349
95 1796
95 561
1786 1585
1796 95
95 1796
105 140
1786 1344
67 1796
302 1543
1797 1798
1 3
1 44
1 36
1 3
341 1792
1 3
713 105
713 1167
713 1756
713 1059
1750 393
1167 713
431 1724
884 713
561 1543
342 561
561 95
561 342
561 1310
561 727
1127 818
67 1675
105 713
105 398
1436 494
997 1127
997 12
67 1781
398 105
1246 1750
1543 483
105 398
1543 697
1543 318
27 652
1543 443
1543 852
1543 561
1543 1395
1543 1553
1342 1081
697 1543
1543 1282
1543 697
1543 952
1543 974
1543 735
1543 39
1698 605
283 277
1543 1565
1543 697
1543 798
1543 835
1741 784
1543 617
1741 840
1059 713
1741 277
1741 1029
1741 1029
1741 391
1741 975
1741 59
1741 626
1741 523
1059 713
1750 1799
1799 8
969 1416
1543 1788
1799 1750
494 1436
342 561
1792 1285
1344 1434
1344 1786
1792 1310
1792 620
768 1280
1792 341
44 1800
1724 431
1724 105
95 1788
95 1789
561 1543
431 1724
561 342
1416 969
105 1724
652 27
1436 494
727 561
969 1756
342 561
1724 105
1724 431
140 557
557 140
818 1127
818 1542
818 32
818 847
140 557
483 1543
557 140
140 557
140 1281
1281 140
140 1281
140 1781
144 1472
140 557
1281 140
557 140
140 557
140 1281
557 140
1543 561
105 1724
341 1792
1543 483
1796 67
1543 1255
67 1796
1281 140
67 657
657 67
67 657
1796 67
657 67
67 657
67 1796
1231 1750
1786 1546
318 1543
1280 768
8 1799
221 1792
847 818
821 583
755 697
105 27
105 72
105 995
105 353
483 1543
1675 105
1675 847
1675 1543
1675 67
1 312
1675 32
1756 1485
1756 1436
1756 105
1756 969
1756 713
1127 818
1127 1796
1796 95
1796 1127
1543 318
27 105
1543 1675
1675 1543
1543 483
561 727
415 997
561 342
1750 1796
1750 561
561 1543
561 1750
342 561
431 1724
1 312
312 1
1169 547
1434 1344
847 1675
713 1167
1750 561
713 1756
727 561
713 1059
105 1756
105 1675
1167 713
1626 312
318 1543
27 620
286 1756
995 105
105 995
1059 713
105 1783
1792 341
1792 221
1756 713
1783 393
1756 286
1724 431
1724 105
561 342
1781 140
561 727
561 1750
1713 561
561 431
1713 561
175 95
561 1713
561 557
1713 561
557 561
818 1127
1285 1792
105 1724
1190 1285
1190 1111
1792 1285
847 1255
1255 847
431 561
1796 221
431 1796
431 561
342 561
342 1585
1750 561
342 843
843 342
342 843
342 843
1756 1255
1434 847
749 1724
1724 749
1724 105
561 1713
561 557
561 431
561 431
561 342
727 561
830 1748
561 1750
847 1434
431 561
620 27
1750 561
27 620
557 302
557 561
1255 1756
1756 1255
1756 483
1542 818
1 3
1543 1796
847 152
821 483
1675 847
847 843
843 847
1 652
483 821
483 1756
1 3
32 1675
1756 483
1750 561
1127 818
652 1
1052 1796
1543 1675
342 561
1543 561
1543 318
95 175
95 561
105 1724
847 843
12 997
1059 713
1724 105
105 1724
312 1626
1 652
105 1308
1724 105
503 1316
713 1059
1255 1756
1756 1255
1756 503
520 1792
361 1749
1285 1190
167 1758
1543 1343
1543 1582
1543 1312
561 727
561 431
1624 1543
1716 1624
1624 1716
561 1750
561 1750
561 557
1801 1802
561 1750
1801 1800
561 342
561 1543
557 561
561 95
561 557
431 561
431 561
843 847
342 561
1434 847
1312 1543
1312 1543
1485 1756
19 1803
19 1246
1246 19
19 1246
19 1246
561 557
561 431
1246 19
557 561
1542 1246
1246 1542
1246 1542
1542 1246
1542 1246
1246 1542
1542 1246
1246 1542
1542 44
1542 1246
1246 1542
1542 1246
1542 1750
1750 1542
1246 1542
1542 1246
1542 1246
1246 1542
1542 1246
1246 1542
1542 1246
1246 1542
1542 1246
1332 1624
1246 1542
1783 1246
1542 1246
105 1724
1246 1542
431 561
1786 1517
1517 1786
1796 431
1796 1052
1343 1543
431 1796
1343 1517
1786 1517
1626 312
847 1434
847 843
847 1675
1771 1340
1 3
1796 67
1675 847
1675 32
1675 1543
1 3
1762 1281
105 1675
1675 105
1255 1756
415 1343
1756 1485
1543 1312
1543 1312
1543 1624
1543 561
1312 1543
95 1796
95 1246
1246 95
1316 503
1804 1543
1543 1804
1804 1543
105 1675
1543 1675
847 8
1543 1312
312 1626
1624 1332
1624 1543
1308 105
1308 1716
1543 1316
1312 1543
1730 1783
1789 95
1542 1246
1246 1542
1543 1312
1542 1246
1434 847
1543 1624
1246 1542
1624 1543
821 483
27 1285
483 821
1796 1750
105 1308
125 1796
1713 1246
125 131
1783 1730
843 847
1246 1713
561 557
561 431
561 1543
431 561
561 431
821 483
1343 415
1312 1543
44 1542
1796 1343
431 561
1686 1796
1796 1686
27 1686
1686 27
1686 1796
1796 1686
1713 868
1756 144
1542 44
144 1756
1542 1246
1756 144
415 1343
1756 212
95 1789
634 1796
1796 634
193 1805
193 1565
131 125
1796 95
634 1796
1332 1624
847 1434
1624 1332
557 561
1786 1280
1332 1585
27 1686
145 810
341 1338
1308 105
1 312
1 3
1626 312
1081 1342
1756 1255
1543 1624
1543 561
1543 1312
1804 1543
1804 1543
1804 1543
1246 1542
1624 1543
1332 1246
561 1543
1 312
681 1792
681 1789
1312 1543
456 143
727 561
1312 1543
1246 1332
749 1724
1280 1786
95 1246
95 561
1111 1190
95 1796
1603 1127
312 1626
1052 1796
1246 95
1543 1312
1543 1624
1543 561
36 1
224 621
105 1308
1624 1543
1332 1246
1332 713
1796 1052
224 1796
1312 1543
1724 749
494 1436
1246 1332
503 1756
503 1316
503 1316
621 224
1750 538
67 1796
1542 583
1509 847
1332 1246
1285 27
95 1246
95 1246
1127 1603
1246 95
224 770
224 770
224 621
1756 503
1565 193
868 95
95 868
868 95
95 868
868 95
95 868
868 95
95 868
868 95
95 868
868 95
95 868
868 95
1332 1246
538 615
1246 1332
615 538
105 1789
1042 1792
1624 1042
1624 398
1624 95
749 1724
12 1312
503 1756
398 1624
1312 12
1624 398
1783 1624
1624 1783
1783 1624
1783 1624
1624 1783
1624 1783
1783 1624
1624 1783
1783 1624
1542 1246
1724 749
1796 224
193 1565
1343 1796
1343 415
1756 503
1246 1542
1624 1756
621 224
1517 1786
1517 1343
175 95
1796 125
12 1312
12 1343
12 143
415 997
1716 1796
125 1796
503 1756
1542 1246
415 1343
561 1543
561 727
561 95
810 145
810 175
1285 393
1343 12
1343 415
1343 1517
95 1624
1756 1624
1624 95
1624 1756
1756 503
1756 1624
503 1756
393 1285
1285 393
175 810
415 1343
105 615
1781 1783
19 1246
1373 1792
105 1373
105 175
1343 415
105 1781
105 783
1312 12
1781 105
105 1781
105 1624
1624 105
415 1343
105 1624
1781 105
1624 105
105 1781
105 1624
1796 95
1796 1716
105 32
32 105
105 32
32 1675
32 1789
32 125
1783 1781
1781 1783
1783 1781
1781 1783
1783 1781
1781 1783
615 105
1783 1781
1781 1783
1783 1781
105 615
1781 1783
1783 1781
1781 1783
1783 1781
1781 1783
1783 1781
1781 1783
1783 1781
1781 1783
1398 856
1783 1781
1781 1783
1783 1781
32 1255
32 105
105 32
1585 1332
1585 1280
105 1585
1585 105
105 1585
105 44
1343 415
1543 1312
1312 1543
1543 561
1312 1543
1543 1312
1312 1543
1543 1312
1543 1312
1312 1543
1312 1543
1543 1312
1543 1312
1312 1543
95 1246
1312 1543
1543 1312
1312 1543
1312 1543
1543 1312
1312 1543
1543 1312
1312 1543
1543 1312
1312 1543
95 1796
1543 1312
1312 1543
1543 1312
1312 1543
1543 1312
175 105
615 105
1253 492
105 175
105 615
105 1730
415 1343
415 1781
1688 277
393 1285
19 1624
19 1046
1624 19
19 1624
19 1624
19 1806
19 1806
1624 19
19 1624
95 1624
19 1645
19 1645
19 434
615 105
19 1624
19 443
19 443
19 443
105 615
1749 361
19 1749
967 308
1332 1585
1546 1786
1546 1554
1280 1585
1675 32
1675 1543
27 1285
1543 1675
523 585
1624 19
1624 95
713 696
713 1059
639 105
1791 574
1783 523
1059 713
1436 518
1807 3
32 105
1474 1493
1474 1793
1474 1375
32 1675
1756 503
105 32
105 639
1807 3
32 105
95 1624
1624 95
32 1807
1624 697
1807 32
1624 105
1543 639
1543 1808
503 1756
561 1543
105 1624
105 32
1713 503
105 367
770 1021
770 311
105 595
770 595
1285 393
1756 503
1285 27
503 1756
503 1713
1624 105
1756 503
105 1624
1343 415
415 1343
1343 415
1624 105
415 1343
105 1624
415 1343
1624 105
105 1624
1624 105
1624 105
1436 144
105 1624
105 1132
1132 105
105 1132
1624 105
856 1398
105 1624
1132 105
1624 105
144 1436
105 1132
105 1624
105 1771
1545 1332
1332 1545
1686 831
1686 1132
831 1686
1686 831
831 1686
1487 1626
1686 831
831 1686
1398 856
1686 831
105 1027
1686 783
393 1285
831 1686
831 1686
32 105
32 1807
32 1749
32 1809
32 105
105 32
308 967
1543 561
19 1624
503 1756
105 697
1624 19
967 308
105 180
105 1168
180 105
105 180
180 105
105 180
1756 503
302 557
27 1285
586 396
713 1059
3 1807
1 36
1543 1618
503 1756
400 710
1756 503
503 1756
1562 503
1756 503
810 175
727 561
105 1624
1624 105
1686 697
1686 27
27 1686
1624 1810
1373 105
503 1756
503 1562
1756 503
1289 639
768 1280
503 1756
1280 768
1756 503
1717 1026
583 1542
1792 1644
105 1373
105 1624
674 569
1493 1474
1285 1600
1332 1545
1603 1127
431 983
342 1603
260 1783
1132 1686
357 525
1756 245
502 1397
856 1398
1343 415
1343 415
1582 1543
415 1343
1582 1585
19 1624
1730 105
105 1730
1783 1730
1730 1783
1783 1730
1730 1783
1783 1730
1730 1783
1783 1730
605 1698
1783 221
1756 1485
1543 1582
710 400
710 245
503 1756
1562 503
1793 1474
42 1280
1713 3
180 3
67 180
180 67
3 1713
67 180
180 3
3 180
1713 3
180 67
67 180
180 67
67 180
180 67
67 180
180 67
180 67
67 180
105 1132
3 180
1756 503
503 1756
1756 503
1397 502
9 1190
1585 1582
713 1059
63 494
12 1312
12 1343
95 1624
95 175
95 561
95 1190
95 1322
1312 12
1811 525
1543 1312
503 1756
67 697
105 1624
105 561
1624 105
561 95
105 1624
1624 105
525 1811
525 1811
525 357
1811 525
105 1624
1624 105
1343 415
1756 503
105 1624
415 1343
1624 105
105 1624
1624 105
105 1624
1624 105
105 1624
1624 105
105 1624
1624 105
105 1624
1624 105
1132 105
105 1132
105 1624
1132 105
1624 105
105 1132
105 1624
1624 456
1624 105
456 1624
1624 456
105 1624
1624 105
456 1624
456 1624
1624 456
105 1624
1624 456
456 1624
456 1624
1624 105
1624 456
1624 456
105 1624
1624 105
456 1132
456 1624
105 1624
1624 456
1624 105
456 1624
456 1624
1624 456
105 1624
1624 105
105 1624
1624 105
105 1624
1624 105
105 1624
561 1543
1280 42
561 105
105 561
561 727
561 105
1812 1813
1029 1741
105 561
525 1811
1802 1801
1762 1281
538 224
224 538
1190 9
1783 538
224 538
969 1669
1669 969
1281 1762
967 27
538 224
538 1783
538 224
503 1756
1741 1796
1472 847
1756 503
27 967
1543 561
143 12
1042 1624
503 1756
224 538
357 525
357 525
1756 503
1624 1042
1624 1340
713 1059
538 224
12 1312
224 538
1312 12
1312 1543
538 224
224 538
1543 1312
538 224
224 538
272 674
1280 1287
1585 1669
503 1756
1669 1585
1811 1814
244 142
1624 1811
1814 1811
1756 503
1811 1624
1624 1811
175 810
1474 1793
1474 1375
503 1756
1756 503
245 710
1756 1624
1624 1756
1624 105
1756 1624
105 1624
1624 1756
1624 105
105 1624
1756 1624
1624 105
585 523
969 1669
105 1624
1624 1756
1624 105
396 586
1624 224
105 1624
696 713
561 1543
561 105
357 1796
1488 298
1343 415
1343 12
1796 67
105 561
1669 969
1312 1543
561 105
105 561
1582 1543
105 874
1762 1281
494 63
1585 1669
1585 1349
415 1343
1026 1717
423 1026
1026 423
1338 1815
1669 1585
105 1771
105 474
1186 1816
1167 396
1167 809
1543 1582
1543 1312
1543 561
1543 1624
713 696
1312 1543
518 1436
1624 1543
1811 525
298 1488
1786 1344
1436 518
969 1669
503 1756
1543 1312
1543 1624
1756 503
63 494
525 1811
1625 105
1488 298
847 1488
503 1756
1362 1608
1756 503
1603 342
1312 1543
342 1603
456 1313
503 1756
696 713
1312 1344
105 1625
525 357
105 1731
1756 503
1756 1624
1346 1314
1313 456
503 1756
415 1467
1669 969
1756 503
12 1343
12 1312
12 143
1344 1312
1344 1786
1167 1050
503 1756
847 1280
1756 503
1543 1312
494 63
1312 1344
1312 1543
1312 1344
1316 1543
1316 503
518 1436
523 32
523 182
523 1635
523 141
523 1332
523 1149
523 1817
523 629
523 36
523 875
523 612
523 89
523 1806
523 64
523 1114
523 899
523 1818
523 591
523 15
523 1380
523 1182
523 1819
523 1820
523 70
523 44
523 920
523 111
523 172
523 137
523 418
523 1821
523 298
523 1822
523 708
523 1823
523 799
523 1137
523 846
523 1541
523 1566
523 1041
523 1394
523 328
523 334
523 812
523 118
523 1824
523 1825
523 122
523 1592
523 1826
523 1827
523 1343
523 1022
523 1814
1032 523
1624 1756
1814 175
1814 8
1814 523
12 1808
1310 561
105 1789
357 525
1310 1792
396 1472
525 357
1344 1312
431 561
1472 396
1608 1362
143 12
1436 518
1312 1387
12 143
1641 1619
1362 1608
95 626
105 1771
105 367
1808 12
1808 95
12 1808
95 1808
1789 681
1789 1472
1472 1789
1771 105
1789 1472
105 1771
1608 1362
1472 1789
1771 105
105 1771
1771 105
105 1771
1771 105
105 1789
105 1771
1789 105
105 1789
1771 1789
1771 105
1686 1789
105 1771
1789 1686
1789 1771
1789 105
105 1789
1771 1789
1789 1771
1789 105
1771 1789
105 1789
1789 105
105 1789
1789 105
105 1789
1789 105
105 1789
503 1756
1686 27
847 152
152 847
152 847
847 152
152 847
1792 1310
1280 847
1669 1641
1786 1280
393 193
1675 32
1675 1543
1783 1675
1675 1783
1783 1675
95 1403
1052 1796
547 1246
1052 1789
809 1167
1332 523
1808 12
1808 95
1246 547
1280 1786
1783 1183
193 393
1387 1312
561 431
561 1310
561 105
105 561
561 1543
561 105
12 1808
175 1814
1312 1387
1648 719
1167 809
1808 12
1167 809
32 523
32 1675
12 1808
12 32
12 398
431 561
1543 52
1310 561
63 494
1741 783
523 32
523 1332
620 27
809 1167
582 27
1 1626
1675 32
1675 1783
27 620
1808 12
1488 847
1167 809
398 12
398 12
1485 1756
547 1246
1543 1675
620 27
847 1488
1543 561
27 620
809 1167
809 1167
1756 503
1756 1485
1624 456
105 561
768 1280
1167 809
494 63
1814 175
32 1403
105 1395
1540 48
1540 249
12 398
12 868
12 1808
12 1246
1280 768
620 27
27 620
105 697
105 697
1132 341
398 12
105 1624
1624 105
105 1624
1624 105
105 1624
1624 105
105 1624
1624 105
1713 561
105 1624
1756 1629
1624 105
175 1814
105 1624
1624 105
105 1624
1624 105
105 1624
1624 105
105 1624
1624 105
105 1624
868 12
1624 105
12 868
12 868
868 12
12 398
868 12
12 868
398 12
105 1624
12 868
868 12
12 868
868 12
1624 105
12 868
12 398
868 12
1624 398
105 1624
1624 105
12 868
105 1624
868 12
12 868
868 12
12 868
1624 105
398 12
105 1624
868 12
1624 105
12 1624
1624 12
398 1624
12 868
12 1624
1624 398
1624 12
12 1624
1624 12
12 1624
12 868
1624 12
868 12
868 12
398 1624
105 1624
1624 105
1624 398
398 1624
398 1624
1624 398
1624 398
398 1624
1624 398
398 1624
1624 398
398 1624
1624 398
398 1624
1624 398
398 1624
1624 398
398 1624
1624 398
398 1624
398 1624
398 1624
105 1624
1624 398
1624 398
1624 105
105 1624
398 1624
1624 105
1488 847
105 1624
32 12
12 32
1545 1332
1545 1556
1783 204
1217 1344
783 1741
105 1743
847 1021
221 1783
221 1796
105 415
415 105
105 415
105 927
1314 1346
32 12
561 1713
561 105
561 1543
713 696
561 431
561 1310
1789 1052
1789 36
1789 456
1624 456
456 1789
431 561
1167 454
105 561
1362 1608
681 1789
810 175
334 523
1344 1217
41 1828
41 1807
41 176
41 176
41 176
41 176
41 176
41 176
1713 495
12 32
456 1542
1246 547
1783 1246
32 1829
1713 617
175 810
1608 1362
51 1436
970 1641
1698 605
1542 456
1310 561
12 868
