1042 1624
63 494
456 1542
456 415
1585 1788
1542 456
1183 1783
1798 1797
503 1756
298 970
456 1542
429 1167
1543 561
1167 429
868 12
1756 503
1556 1545
1237 843
1542 456
415 1676
456 1542
518 1830
1624 1042
193 393
1246 547
547 1246
983 431
249 1540
1542 456
494 63
431 983
456 1542
1436 51
95 1808
582 1436
1624 456
456 1624
1624 456
1624 456
1624 1398
1398 1624
1398 1624
1624 1398
1624 1398
1398 1624
1624 1398
1398 1624
1543 405
1624 1398
1398 1624
1624 1398
1624 719
1127 1749
51 1775
1624 1398
843 1237
1542 456
456 1542
456 1097
1246 547
1783 405
429 1167
415 1343
1624 456
63 494
673 1127
51 1436
1346 1314
1592 523
494 63
673 415
415 673
673 415
415 673
673 415
1815 1338
1641 970
201 143
95 1624
980 1603
523 334
547 1246
1127 105
1127 32
561 1310
561 431
561 1543
1042 1624
1784 3
1624 95
1624 1042
105 1127
32 1127
431 561
431 1831
1831 431
431 1831
145 810
673 32
509 1026
1784 3
1784 3
1167 429
1167 809
810 145
1807 41
1807 289
1807 32
1314 1346
1624 1626
1624 1704
1624 12
1704 1624
1624 1704
809 1167
1626 1624
1026 509
1624 1626
1783 673
1783 1624
1624 1783
1624 456
1246 547
32 673
32 1807
1807 32
12 1831
617 1543
868 12
617 1713
1050 1049
617 431
1050 1454
1783 1231
1485 1756
673 32
673 1783
503 1756
1784 3
431 617
1375 1756
1375 1474
1375 1474
719 1624
1756 503
12 868
1762 1281
1217 1344
1585 393
1285 1000
32 673
32 1831
1543 617
1543 561
1543 1831
95 1624
95 1796
673 32
503 1756
1436 582
1436 51
1624 719
1624 95
95 1624
67 32
308 415
308 967
1624 95
1603 980
1756 503
582 1436
51 1217
1546 32
1624 479
32 1546
32 67
1436 582
95 1624
277 1688
1624 95
1332 1730
1545 1332
63 494
51 1436
1436 51
51 1436
95 1624
12 1312
3 36
3 44
1784 3
1784 3
1784 3
1546 32
799 523
1 3
1784 3
32 1546
443 1543
1312 12
398 673
1042 1624
398 1397
398 1397
1127 32
1127 105
1127 456
582 1436
1397 398
398 1397
456 1127
768 1280
1280 1403
1403 95
1403 1280
1231 1783
1784 3
1784 3
1783 1231
1436 51
1436 582
1741 1832
398 1013
105 1127
1280 1403
1624 95
1624 1042
67 783
617 431
617 1713
1535 1434
1713 617
431 617
1127 105
1543 443
1565 67
983 431
189 44
143 201
1397 398
1315 1724
503 1756
334 523
1434 1535
1343 415
673 1403
398 1397
95 1624
398 697
1676 415
398 1644
398 1676
398 1676
1676 398
398 1676
1676 398
1724 1315
1783 1724
1724 1783
1546 1786
1624 95
398 1624
1231 1783
1796 95
1587 673
673 1587
1403 673
1756 503
1786 1280
809 308
1644 398
1644 456
456 1644
431 1587
456 1644
1644 456
1644 456
398 1644
1783 1231
357 1403
1644 398
1231 1783
249 1026
398 1644
398 1644
1783 1231
1190 394
1624 398
1315 1724
398 1624
1013 398
1403 357
32 1127
1783 697
204 1783
423 447
429 1167
9 1644
1026 249
1253 1168
1167 429
503 1756
415 1343
456 1132
456 1132
1624 456
357 1403
456 1132
1168 1253
105 1127
1624 105
198 1565
970 1641
1280 1786
105 1624
67 1809
1562 1517
1517 1562
1231 1783
289 1807
970 1565
557 302
617 1713
617 431
1403 357
3 32
357 1403
431 617
95 1624
95 1796
95 561
1644 9
1644 398
1624 95
1756 1375
1783 1231
67 1403
1756 503
36 1789
503 1756
398 1644
697 1783
1403 67
1127 1227
12 1312
1831 32
12 1624
1624 12
1831 1543
32 3
12 1624
1831 12
398 1644
1756 503
1624 12
183 1676
105 1831
1724 1315
1312 12
105 1624
1624 105
95 1624
1624 95
95 1624
1831 105
1808 95
1624 95
1783 697
1713 617
1831 1752
105 1831
105 1624
1831 105
105 1831
357 1403
456 1132
67 1675
398 1781
1781 398
447 423
398 1781
1079 27
398 1781
1079 27
398 447
398 90
1517 710
983 1079
1231 1783
1079 983
710 1517
27 1079
1543 1831
1789 456
1789 681
1789 36
847 1132
1644 398
1132 456
1132 847
697 642
67 1831
67 1403
1403 357
1403 67
67 1403
642 697
1403 67
1079 27
398 1644
398 1644
1644 398
398 1644
1752 1831
1097 456
1781 398
1624 1781
605 1698
1624 520
1676 183
1676 183
36 1789
983 1079
983 985
1783 1231
1783 1831
1406 260
1831 1783
697 642
1231 1783
1248 131
1783 1831
1783 1231
1789 36
1789 32
1789 44
847 1132
398 1781
642 697
32 1789
67 32
51 1436
1517 710
1 312
1 132
1675 67
1756 1675
697 642
1079 983
32 67
1756 1624
1624 1756
1756 1624
1831 1783
1789 32
1231 1783
561 95
1783 1831
561 1543
1543 561
1624 1756
1756 1624
1624 1756
1756 1624
1624 1756
1756 1624
398 1624
1624 398
398 1624
132 1
1624 398
398 1624
1756 1624
1624 398
1624 1756
1756 1624
1624 1756
1756 1624
1624 1756
398 1624
1624 398
398 1624
32 1789
1624 398
1624 1398
398 1624
561 1750
1543 1312
1 132
1562 1517
1807 289
1474 1375
1644 1758
617 1713
1675 1756
342 27
1756 1675
27 342
132 1
312 1
557 561
1624 557
983 1079
1127 1573
342 561
1758 1644
847 1488
1 312
561 557
561 342
1756 1833
843 1834
843 1835
1675 1756
810 1792
1042 1624
1042 1675
697 492
1132 847
42 1724
42 27
1644 1758
1644 398
1644 1758
67 1403
398 1644
1434 1312
710 1517
1675 1042
847 1132
456 1132
809 1167
1359 1343
620 27
1713 617
393 1585
1836 1291
1836 1321
1836 1393
1836 375
1836 143
1836 697
1836 398
1836 1340
1836 699
398 1836
398 1836
1629 1756
1836 398
398 1836
1836 398
95 1403
398 1836
1836 398
398 1836
95 1808
95 1624
1624 95
95 1624
1624 95
95 1624
1836 398
1836 1249
95 561
95 1452
681 1837
557 1624
145 810
1332 1737
557 561
1281 1762
1332 1312
1624 557
1312 1434
1312 1332
503 1756
699 1836
398 1836
1758 1644
1758 1644
1758 1644
260 1406
67 1675
617 1713
770 639
770 617
617 770
1167 809
1750 561
1675 67
1132 847
1132 456
1 1626
1 312
1626 1
1756 503
1756 1675
1756 1629
312 1
1626 312
312 1626
1626 312
557 1624
312 1626
1626 312
312 1626
1626 312
312 1626
1624 557
193 1565
557 1624
1624 557
1624 557
557 1624
1626 312
67 1675
1624 341
341 1624
394 1190
1624 341
810 175
1624 1052
1624 810
1052 1624
1624 1052
1624 755
146 3
1781 755
1675 67
1675 1756
1675 67
1624 105
3 146
3 146
1 312
1644 1758
697 808
1624 1811
1624 95
1756 1781
95 1624
1756 1675
561 1750
561 557
1282 1543
561 95
431 561
1 1626
1 132
697 95
1783 710
27 42
27 620
1724 42
1811 1624
1624 1811
1800 44
1332 1312
1836 536
1800 1801
1657 1624
1543 975
1624 1657
1624 725
1781 1756
429 1720
429 1700
429 372
146 3
44 1
1 44
44 1
1 44
44 1
1406 843
621 830
621 1647
32 1838
1836 398
843 1406
398 1836
1792 1052
1 44
1434 1312
105 1624
3 1649
847 1132
1750 561
536 1836
1756 429
1127 1340
52 1543
1641 970
1237 843
1038 132
1052 1792
1756 1781
557 561
1543 1282
1543 52
1543 109
1675 1543
1771 1127
1312 1434
27 652
9 1644
9 1190
9 1255
9 1255
9 1255
9 1255
9 1308
9 1839
9 1839
561 557
561 1750
398 1624
1624 398
561 431
1543 1675
1750 561
1543 1637
557 561
398 1624
503 1756
652 27
27 652
1644 9
42 27
1700 429
1052 635
1052 420
1750 561
697 1517
652 27
1756 503
1791 1724
1791 32
1839 9
620 27
1839 681
1079 983
1624 398
398 1624
1624 398
398 1624
1700 1839
1839 1700
1700 1839
1839 1700
1700 1839
1839 1700
1700 1839
503 1756
398 1624
1624 398
1624 398
398 1624
1624 398
398 1624
398 1624
1624 398
1624 398
398 1624
398 1624
1624 398
1624 398
1839 1700
398 1624
1624 398
1406 843
398 1624
398 1624
1624 346
1624 398
398 1624
1624 398
1624 1052
1624 1700
398 1624
1624 398
1700 1624
1624 1700
398 1624
1619 1644
1700 1624
398 1624
1644 1619
1724 1791
429 1700
1700 429
475 341
1312 1
1535 303
1403 95
1535 1434
1756 503
1 1312
1657 1624
1756 1565
1783 536
681 1839
1657 536
681 1839
1789 32
1543 1839
1434 1312
1789 1052
1565 1756
975 1543
1624 1700
1624 398
1624 398
1624 1657
95 697
1781 1756
95 1649
843 1237
1227 1127
431 561
1756 1565
1756 1781
561 557
398 1624
27 652
27 620
1781 1756
398 1781
1781 398
652 27
1756 1781
652 1565
398 1781
1543 975
1312 1434
1312 1
652 1372
652 1208
1639 1737
1474 1375
1839 681
557 561
1624 398
810 1624
536 1783
536 1657
140 557
809 1167
303 1535
27 42
1167 809
697 95
95 1839
95 697
95 561
561 557
561 95
1629 1756
1291 1836
27 652
1291 1836
1783 244
1756 1629
1781 1756
1781 398
1282 1543
503 1756
469 1781
469 503
469 1181
469 175
1783 1649
1565 492
1756 1781
1756 503
1624 810
1624 1075
398 1624
398 1781
1118 1737
1052 1789
1517 697
710 1783
681 1839
697 95
697 1517
95 1840
95 697
32 1789
697 95
429 1700
503 1756
503 469
447 398
1836 1291
398 447
398 1836
1158 1072
1836 398
1434 1312
809 1167
1756 1624
1127 1227
1167 809
1237 843
398 1836
1237 398
843 1237
843 1406
843 1237
1781 469
1781 1756
1781 398
652 27
1543 1282
812 523
1434 1312
1308 9
1434 1535
1624 1756
1624 1168
1168 1624
1624 1168
1619 143
1624 1168
1168 1624
1624 1168
1624 1052
1624 805
1624 1168
1168 1624
1168 1624
1624 1168
1624 1168
1756 1624
1168 1624
1624 1756
1624 1168
1756 1781
1756 1624
1168 1624
1624 1168
1624 1756
1756 503
1756 1624
1312 1434
1312 1434
509 1026
1839 681
1839 95
1839 1397
509 1839
1839 509
681 1839
509 1839
509 316
1624 1626
983 1079
1624 1168
1168 1624
1624 1168
1168 1624
1624 1168
1168 1624
1624 1168
1168 1624
1168 1624
1624 1168
1624 95
1168 1624
1624 1168
1624 1052
1168 1624
1624 1168
1624 474
474 1624
1168 1624
1624 1168
474 105
1168 1624
1624 474
1624 1168
1168 1624
809 1167
1624 1168
105 474
1168 1624
1624 1168
1168 1624
398 1781
398 1237
1168 1624
1811 1624
1624 1168
1624 1811
1624 1168
1624 812
9 1644
9 1839
1488 847
1601 1402
1811 525
1601 1338
1601 1279
525 1811
1644 9
1601 114
1601 318
1781 398
1781 1756
12 1831
398 1781
12 1624
9 1644
12 1644
9 1308
12 974
1601 1781
1601 1505
1781 1601
1781 398
1601 1781
398 1781
1601 1675
1434 1312
1601 553
1836 1839
469 1217
469 1781
469 503
469 525
341 475
1720 429
1565 652
1644 9
1644 12
1624 12
1406 1649
970 1641
1831 12
1781 1601
1781 398
1781 469
398 1781
652 1565
27 652
652 27
1781 398
1000 1285
1624 456
456 1624
1308 9
652 585
398 1781
143 1619
1255 9
492 1565
1452 95
95 1452
95 1839
1452 95
95 1403
1452 346
95 1452
492 1565
1452 95
95 1452
1624 456
1540 1700
1540 1725
1314 1346
456 105
503 1756
503 469
1756 503
1181 469
1756 1781
1181 469
1181 9
1781 398
1781 1756
1756 1781
1624 1349
525 469
525 1811
1624 492
1624 652
652 1624
1624 652
398 1781
1811 525
1217 1841
1811 1624
1624 1811
1624 398
398 1624
1781 1756
1781 398
95 697
398 1781
398 1624
398 1624
105 456
105 1831
1675 1601
821 483
1601 1675
1237 673
1413 454
1413 969
1413 969
1282 1543
1565 652
1231 1783
483 821
1756 1781
1132 847
27 652
1624 398
1624 1175
1781 398
1781 1756
312 1
312 1
1756 1781
1543 1282
394 1190
1282 1543
557 561
557 140
1543 1312
697 95
652 1565
652 27
1397 1839
710 1283
1167 1540
1624 544
1624 1168
1624 557
1168 1624
1839 1836
1624 1168
1839 509
1168 1624
1839 95
1839 1397
1168 1624
1783 1231
1540 1543
1624 1168
1624 1168
1624 1168
1168 1624
1624 1168
1168 1624
1624 1168
1168 1624
1168 1624
1168 1624
1624 1168
1624 1168
1168 1624
1624 1168
1168 1624
1624 1168
1168 1624
1624 1168
1168 1624
1624 1168
1168 1624
1624 1168
1168 1624
1624 1168
1168 1624
1052 1624
1624 1168
1624 1052
1052 1624
1624 1052
1168 1624
1624 1168
1168 1624
1624 1168
1168 1624
1624 1168
1168 1624
1624 1168
1168 1624
95 1839
95 697
1624 1168
95 1842
95 1837
95 924
95 1767
1543 1540
1624 155
1175 1624
211 1
211 93
211 673
1 312
1 312
1 211
1 312
697 95
1629 346
398 1291
1291 398
398 1291
1291 398
398 1291
1291 398
1312 1543
398 1291
1291 398
398 1291
1291 398
398 1291
1291 398
97 1748
318 1601
1338 1601
1540 1167
1540 1543
585 652
312 1
1713 495
1285 1000
1285 27
1836 1026
1727 143
1730 828
1783 1626
1540 1836
346 1629
95 1843
652 585
585 652
652 585
1844 1839
1844 1845
1844 1843
821 483
1624 1175
1167 1540
1167 1540
503 1756
244 1783
143 1727
95 561
557 1624
1727 143
51 1436
1626 1783
44 1846
1624 557
398 1730
398 1730
1624 398
398 1624
1624 398
398 1730
398 1624
398 1624
1624 398
1624 398
1624 281
1624 1758
398 1624
1624 398
398 1624
1624 398
561 95
1624 1349
1624 398
398 1624
398 1624
1624 398
398 1624
1624 398
398 1624
398 1624
1624 398
1624 398
398 1624
1624 398
398 1624
1624 398
398 1624
1624 398
398 1624
1624 398
398 1624
1624 398
398 1624
1624 398
398 1624
1624 398
398 1624
1624 398
398 1624
1624 398
398 1624
398 1624
1624 398
398 1624
1624 398
398 1624
398 1624
1624 398
1624 398
398 1624
1624 398
1624 271
398 1624
1624 398
398 1624
1403 95
1543 1847
1543 1848
1758 1624
492 145
95 1849
44 1850
44 1851
143 1727
155 1624
1624 155
1730 398
1730 398
1730 398
398 1730
398 1730
398 1730
1540 1167
1848 1543
1852 44
475 341
323 298
1167 1847
1167 1848
1167 97
1167 1853
1543 1848
1543 1540
27 652
175 810
1756 503
509 1839
509 1026
1758 1845
1543 710
520 1624
810 175
1852 1344
1601 1246
44 1852
1026 509
492 710
1854 224
1624 520
1624 1362
1220 27
1624 1601
1391 1741
1601 784
755 1624
1624 755
755 1624
1 3
1 3
710 492
710 1281
27 1220
1291 1836
557 1624
1750 561
1167 1280
224 1854
224 1644
1724 1237
1624 755
1624 557
1344 1852
211 1
1362 1624
1362 1624
561 1750
1750 561
1644 224
1647 621
281 1624
1281 710
1543 1855
224 1644
367 105
367 317
1343 1796
97 1167
492 1181
1 211
652 27
1624 1362
1624 1362
1624 281
561 1750
492 1565
492 1644
1246 1601
492 1021
492 61
1644 492
1644 224
492 1644
1644 492
1852 1344
697 1472
1472 697
1601 711
710 1281
224 1644
1657 36
1657 36
1657 1624
1624 1657
1624 1657
1657 366
1657 1675
1657 1731
1220 27
1848 1543
1344 1852
105 367
1543 1848
509 1026
1362 1624
1 1626
1644 224
224 1644
1626 1
1644 224
1237 1724
32 1856
32 1857
1624 1362
1852 1781
1724 1237
1852 1724
1601 1118
1601 1858
1601 1768
42 1724
1181 492
224 1644
1724 42
1724 1852
1601 143
1781 1852
1781 1657
792 1190
443 520
492 747
523 812
523 334
652 1130
95 1859
1859 95
95 1859
1859 95
95 1859
1859 95
95 1859
1601 1859
1859 95
1859 1601
1624 95
95 1859
95 1624
1624 95
1859 95
1 1626
95 1859
1859 95
95 1859
1859 95
95 1859
1859 95
143 1601
843 1167
1860 494
1543 1861
697 1472
1052 1859
12 1831
12 1644
199 959
1852 1781
1052 1624
1781 1852
1859 1052
1624 1052
1624 1862
1852 697
145 492
1644 224
1852 1781
492 145
1624 398
398 1624
1624 398
398 1624
398 1624
9 1181
1034 697
9 1308
95 697
9 1644
9 1255
95 1403
697 95
697 95
95 561
95 697
95 697
697 95
95 697
1601 1859
95 697
1624 398
1624 234
398 1624
334 523
1781 1657
1052 1859
719 1641
1624 1781
1796 1343
1181 9
342 1848
1601 973
1472 697
1836 1540
398 828
1836 1863
9 1181
1 312
1859 1601
1859 1052
1860 993
503 1756
1601 1859
1601 143
1601 1246
1601 1781
1848 342
1848 1543
342 1848
1859 1601
143 1601
1601 143
1781 1601
1308 9
1237 1167
9 1308
586 396
1644 9
1624 105
1624 1168
1624 398
1168 1624
1624 95
1624 1168
1624 1168
1168 1624
1624 1168
1168 1624
1624 1168
1168 1624
398 1624
1624 1168
1624 398
1168 1624
398 1624
1624 1168
1624 398
1624 1727
1168 1624
1624 1168
1168 1624
1624 1862
1624 1168
1727 1624
1168 1624
1624 1727
1624 1168
1168 1624
1624 1168
1727 1624
1624 1626
1624 1727
1727 143
1727 1624
1727 1624
1168 1624
1624 1864
1624 1727
1624 1727
1624 1168
1168 1624
1624 1864
1624 1168
1168 1624
1624 1285
1624 1168
1168 1624
1624 1168
1168 1624
1624 1168
1168 1624
1601 701
1624 1168
1624 1052
1052 1859
1052 1624
1624 1052
1168 1624
1624 1168
1052 1624
1168 1624
1624 1052
1624 1168
1052 1624
1168 1624
1626 1624
1624 1052
1624 1168
1624 1626
1168 1624
1624 1168
1168 1624
1624 1168
1168 1624
1624 1168
1168 1624
1624 1168
1168 1624
1624 1168
1168 1624
1624 1168
1168 1624
1543 1848
1543 1865
1624 1168
1168 1624
1675 1657
1624 1168
1168 1624
1624 1168
1168 1624
1624 1168
1168 1624
1624 1168
1168 1624
1624 1168
1168 1624
1624 1168
1168 1624
1624 1168
1168 1624
1624 1168
1756 503
1168 1624
1624 1168
1624 1866
1168 1624
1624 1168
1866 1624
1168 1624
1624 1866
1866 1624
1624 1168
1624 1866
1168 1624
1624 1168
1866 1624
1168 1624
1624 1866
1624 1168
1866 1624
1866 1624
1168 1624
1624 1866
1624 1866
1624 1168
1866 1624
1168 1624
1866 1624
1624 1866
1624 1168
1624 1866
1866 1624
1168 1624
1624 1866
1624 1168
1866 1624
520 443
1866 1624
1624 1866
1624 1866
1624 520
1866 1624
1624 1866
1866 1624
1866 1624
1624 1866
1624 1866
1866 1624
1866 1624
1624 1866
1866 1624
1624 1866
1624 1866
1866 1624
1866 1624
1624 1866
1624 1866
1866 1624
1624 1866
1866 1624
1624 1866
1866 1624
1866 1624
1168 1624
1624 1168
1168 1624
1624 1168
1168 1624
1168 1624
1624 1168
32 1675
143 1727
143 1601
1862 1624
1624 1862
1231 1783
509 1097
509 1839
1181 9
398 1624
1811 1624
1783 1231
843 1237
1859 1052
1280 1167
1624 398
1624 1811
969 1867
479 1540
479 1546
1546 479
95 1624
9 1181
1052 1859
1724 785
1724 1836
1624 95
1601 143
398 1624
719 1868
447 398
398 447
1869 1862
1862 1869
1859 1052
1 36
1624 1866
36 1
1 36
36 1
9 1644
1543 256
1783 645
1868 719
1675 32
1675 32
1868 719
1868 1338
1619 1343
1750 561
1543 1870
1 312
1836 1724
32 1675
536 927
312 1
711 1601
711 1868
557 1624
1724 1836
1308 9
1246 1601
95 1624
1118 1601
1624 95
398 1624
9 1308
9 708
9 899
1624 398
9 1380
1624 810
1624 1862
1624 1781
398 1624
1624 398
398 1624
1624 398
1781 1624
398 1624
1624 1781
1624 1601
398 1624
1781 1624
1624 398
1624 1781
1781 1624
1624 1781
1675 32
1624 1781
1624 1772
1344 1312
1624 810
810 1624
810 1624
1624 810
1624 810
810 1624
1624 645
810 1624
1624 810
810 1624
810 1624
1624 810
1624 810
1624 1868
810 1624
1868 1624
1387 1312
1868 711
810 1624
1624 810
1624 1868
810 1624
1624 810
1624 810
1868 1624
1624 1868
1624 1871
810 1624
1871 1624
1624 810
1868 1624
1624 1871
1624 1868
1871 1624
1624 1871
1871 1624
1624 1871
1871 1624
1624 1871
1868 1624
810 1624
1624 1868
1624 810
810 1624
1624 810
1868 1624
810 1624
1624 1868
1624 810
1868 1624
1624 1868
810 1624
1624 810
1868 1624
1624 1868
810 1624
1868 1624
1624 810
1624 1868
810 1624
1624 810
1624 1868
1868 1624
810 1624
1624 1868
1624 810
810 1624
561 1750
1868 1624
1624 810
398 1624
398 1624
1624 1868
1624 398
1624 1868
1624 810
398 1624
810 1624
1872 810
1872 810
1872 1868
1836 1724
1868 1872
9 1781
620 27
494 1860
443 520
1190 792
1190 9
899 9
1750 561
821 483
821 583
821 483
105 1624
105 1127
27 620
9 899
9 1190
1312 1387
1312 1344
561 1750
1052 711
1052 701
1 312
768 1280
145 492
620 27
1344 1312
1601 711
1601 711
1 312
1601 1118
1181 9
492 1181
492 1181
1601 1872
9 1181
1750 561
1868 1052
1624 810
1624 1868
1781 9
1781 1624
1624 1781
1624 1052
1624 1052
312 1
1724 1836
1624 1601
1624 1727
785 1724
1280 768
1624 234
1868 1624
1346 1868
492 463
1190 9
1190 394
1724 785
652 1644
652 69
9 1781
9 1190
1860 494
1860 1873
1644 652
1312 1344
27 620
768 1280
32 673
32 1167
1624 1868
1601 1624
431 561
620 27
1624 1601
1868 1346
1237 1236
1237 843
1852 1865
673 32
1874 451
32 673
1 312
1836 1724
193 393
1601 1875
697 1319
393 193
1491 847
652 1644
674 1865
1624 95
847 1491
1346 1868
1190 9
843 1237
843 1237
697 492
830 621
1781 9
234 1624
1644 652
1624 234
234 1624
234 1624
847 1872
652 278
9 1781
9 1190
1167 32
1167 809
1167 1540
1167 429
1181 9
1181 492
1713 561
1624 234
1624 234
1543 536
1750 561
1075 1624
785 1724
1724 1836
1724 785
1624 1075
697 1866
652 69
1332 1565
1332 1796
1781 9
621 830
1308 9
1565 1332
785 1724
1836 1724
1713 1565
808 697
1565 1713
1346 1713
9 1781
9 1308
1773 673
1866 1402
1866 1768
1713 1346
673 1773
536 1543
1624 1678
1543 536
1864 1624
1772 1624
1864 1624
1864 1624
1346 1713
697 808
1713 617
1781 9
969 1669
1724 1836
1624 1772
1624 1864
1624 1864
1624 1864
1624 1168
1624 9
1 312
1669 969
1543 1724
1543 969
557 1624
1491 847
1624 557
536 1543
1865 674
1865 1852
9 1624
12 1312
1864 1624
234 642
1280 768
1624 9
1624 1864
1836 1724
1343 1619
1312 12
