674 1865
1866 1847
1866 773
540 615
1168 1624
1406 194
1865 674
1543 886
1543 536
652 1565
557 1624
9 1624
9 1781
1644 9
674 1865
1338 1868
316 509
509 316
1190 9
1624 1168
1624 557
1624 9
1168 1624
1624 1168
27 620
1852 1865
768 1280
12 1312
1876 1865
1624 557
561 1750
557 1624
1624 557
1624 557
557 1624
1624 557
557 1624
561 431
561 1713
561 95
1285 1624
536 1543
423 1565
1565 652
642 234
711 1601
431 561
1543 536
847 1781
9 1624
95 1865
9 1190
539 710
1781 9
1781 847
1624 9
1724 1836
1362 1624
1624 1362
1565 652
847 1781
809 1167
652 1565
1 312
1601 1796
1870 1543
1783 1344
652 27
674 1877
1678 1565
601 1862
583 821
1175 1246
821 583
536 1543
1713 536
1167 809
312 1
620 27
1783 697
1 312
1862 601
1781 847
1713 561
1713 617
1713 233
233 1713
1713 233
561 1713
1713 561
1280 768
1864 697
1543 1870
93 1624
1624 93
172 523
1713 1117
1601 1875
27 652
697 1864
27 620
1117 1713
1876 868
1876 27
1876 1117
1362 1624
312 1
620 27
1864 697
1878 1864
1878 1865
1624 1362
1836 1724
1700 429
1700 1540
27 1876
27 620
1730 1878
536 1713
620 27
1878 1730
652 1565
27 620
1724 1836
1 312
1624 1866
1624 1727
1781 1624
1624 1781
1781 1624
1730 1878
1781 1624
1624 1781
1624 1781
1781 1624
1713 536
868 1876
342 1362
1836 1362
1836 1724
1864 1878
1750 561
9 1624
1876 868
1876 27
1624 9
27 1876
312 1
1601 711
1565 652
1338 1601
1724 1836
1344 1783
9 1624
1773 1282
1362 342
1362 1836
536 1713
697 645
868 1876
1624 9
1836 1362
1836 1724
1836 536
1724 1836
536 1836
809 1167
1168 1624
1168 1624
1852 697
1836 1724
1836 536
1362 1836
1836 1362
342 1362
1158 1072
42 323
697 1852
768 1280
1713 536
1713 987
1543 1879
1724 1836
1876 868
1866 868
868 1876
868 1866
1866 868
868 1866
1866 868
868 1866
1866 868
1866 868
1876 1880
1876 868
193 393
1866 44
44 1866
1866 44
1866 44
44 1866
1866 44
44 1866
1866 44
1876 983
1876 1565
44 1866
1866 44
1601 1338
1624 1168
1624 1168
1836 1362
536 1713
536 1836
868 1876
393 193
447 1866
1866 447
1836 536
447 1866
1866 447
1852 697
447 1866
1866 447
447 1866
1866 447
447 1866
1866 447
447 1866
1866 447
447 1866
1866 447
447 1866
1866 447
447 1866
1866 447
447 1866
1866 447
447 1866
1866 447
447 1866
1866 447
447 1866
1866 447
447 1866
1866 447
447 1866
1866 447
447 1866
1866 447
447 1866
1866 447
447 1866
1866 447
447 1866
1866 447
1 312
536 1836
469 1181
652 1565
1181 469
342 561
1565 652
1836 536
1546 1875
1876 868
312 1
868 1876
1282 1773
1866 1644
1878 1362
1362 1836
1773 1282
1362 1878
1878 1362
224 1644
1881 1750
1676 1881
1881 1676
536 1836
1713 536
1881 1052
983 1079
1079 983
1881 1642
1079 983
983 1079
1642 1881
983 1079
1079 983
1079 1881
1079 983
983 1079
1881 1079
1079 1881
1079 983
1881 1079
1750 1881
1881 1750
1079 1881
983 1079
1750 1881
1079 983
1881 1079
1881 1750
1079 1881
983 1079
1881 1079
1079 983
1079 1881
983 1079
1881 1079
1750 1881
1079 983
1079 1881
983 1079
1079 983
983 1079
1750 1881
1079 983
1881 1750
983 1079
1079 983
983 1079
1079 983
1741 463
983 1079
1079 983
983 1079
1079 983
1741 1792
1741 475
1741 773
1741 1847
1280 768
536 1713
302 557
1 312
1676 1881
1644 1866
1052 1881
561 342
561 1750
1750 561
1836 1362
1362 1836
557 302
557 561
1 132
1866 1644
1282 1773
1881 1052
1052 1881
1836 1362
1474 1793
1474 1375
652 1565
652 1565
1881 1052
342 561
1052 1881
993 1860
19 1882
19 1882
19 1882
1644 224
1375 1756
1375 1474
1713 697
697 1713
561 1750
561 557
561 342
561 105
1319 697
1168 1883
615 540
557 561
105 561
1488 1724
1488 1884
1488 1885
1488 1886
1488 1887
1488 1877
1488 1875
1488 1888
1488 1865
1488 1870
1488 1889
492 686
492 536
697 1319
1 312
312 1
536 492
1 312
561 557
431 561
475 1741
1332 1395
1332 1395
1332 1178
492 536
768 1280
536 492
1624 1878
1724 1488
1291 1836
1487 1890
342 561
1052 1002
1236 1237
1280 768
561 342
1878 1624
429 1700
492 429
1836 1291
418 1565
418 928
1 312
32 1878
32 1034
9 1624
9 1644
1624 1878
1624 9
1052 1865
1878 32
1878 1624
1543 1395
146 1
1181 131
1 146
32 1878
1624 1878
1395 1543
1395 1332
312 1
1079 27
1079 1865
1079 674
1878 32
1878 1624
674 1079
1079 674
674 1079
1079 868
1079 674
1681 1771
1681 1771
1681 1771
1079 1644
233 810
342 561
456 1132
1792 1285
27 1079
1624 1878
32 1878
1888 1488
810 233
1644 1079
1771 1681
1878 1624
1878 32
1237 1236
1237 843
93 525
1 312
429 492
189 712
233 810
828 398
1624 1878
1601 1891
312 1
1878 1624
810 233
1540 479
1540 1167
1 312
1892 1280
312 1
1 312
1557 673
1624 1557
1557 1624
1557 1624
673 1557
1624 1557
1167 1540
768 1280
843 1237
1893 1840
1893 868
423 132
131 1181
686 492
868 1079
868 1893
1543 1395
193 773
312 1
1783 1792
398 828
828 398
146 1
469 1181
1079 868
469 1629
469 1629
469 1629
492 686
492 1629
1079 1344
1079 1344
1079 1313
1079 1644
1644 1079
1079 1644
1644 1079
1079 1644
1079 1644
1773 1282
1748 97
1178 1332
1236 1237
1 312
1 146
686 492
1629 469
1543 513
1344 1079
696 713
561 342
561 105
1543 1487
1543 69
868 1079
617 1713
1878 617
342 561
105 561
886 1543
1713 617
557 561
1865 95
431 561
1548 1868
1488 1888
1487 1543
1181 469
1181 131
1875 1546
536 927
1808 1876
1280 1892
1280 768
686 492
1002 1052
1888 1488
1713 144
3 176
3 242
3 249
3 338
3 83
3 333
3 9
3 249
3 285
3 281
3 26
3 281
3 741
3 372
3 545
3 800
3 615
3 800
3 800
3 372
3 1196
3 740
3 582
3 249
3 1180
3 1189
3 346
3 2
3 2
3 1042
3 1187
3 249
3 640
3 752
3 824
3 41
3 1262
3 1419
3 41
3 1463
3 482
3 768
3 610
3 893
3 283
3 701
1488 1888
1013 1889
1013 1894
582 1882
1888 1488
431 561
1064 168
1064 447
1064 1375
561 342
561 105
561 557
561 431
1313 1079
447 1064
1013 1346
1892 1280
72 1765
105 561
1013 773
431 561
144 1713
768 1280
1644 9
1168 697
1079 1644
1673 844
1280 768
1079 1624
1644 1079
1079 1644
1644 1079
768 686
1895 1021
1520 1879
1879 1520
1879 1543
1624 1079
342 561
1 312
1079 1624
1079 1644
1624 1079
686 768
1079 1624
1644 1079
1079 1644
1765 72
1878 1346
1878 1021
492 967
1700 429
843 969
843 1237
67 697
1644 1079
1079 1644
1644 1079
1079 1644
1079 1644
768 686
1624 1079
557 561
1079 1624
1716 1308
561 557
561 431
561 95
1079 868
1557 1808
1557 868
1543 1487
1543 1879
431 561
342 969
1416 969
9 1644
540 615
1814 175
1644 1079
1876 1808
1 312
561 431
431 561
1896 221
868 1557
868 1079
1808 1876
1013 1894
187 131
1013 1291
1291 1013
1897 187
187 1897
1557 1291
1557 868
868 1557
1557 868
868 1557
1557 868
868 1557
868 1557
1557 1755
312 1
1 312
843 1237
1 32
3 1626
1876 1808
1520 1879
95 561
95 1796
1079 1616
1079 1644
32 1
312 1
1 312
818 620
768 1280
93 1616
1713 61
211 415
211 1546
1546 211
211 1546
1546 211
211 1546
312 1
1 312
1118 1543
1562 1879
1280 768
1783 1280
312 1
1783 617
415 211
42 1
1 312
1 42
1808 1876
711 642
561 95
561 431
561 557
561 105
105 561
642 711
172 1724
1280 1783
1312 1344
1344 1312
1312 1344
1344 1312
711 642
1724 172
1724 172
1543 561
927 536
1876 1808
1543 1118
561 1543
431 561
1868 1548
711 1898
1898 711
620 818
1543 561
393 193
818 620
1899 987
969 342
969 1416
1899 1372
1899 713
1899 1792
1899 306
1899 1215
1899 447
1899 204
1899 1781
1899 784
1899 144
1899 1497
1899 314
1899 61
1899 8
1416 969
1899 1217
1899 561
1899 657
1899 1436
1899 1284
1899 391
1899 1417
1899 311
1899 1847
1899 1097
1899 277
1878 1624
1878 1624
